Value1,Value2,Result
-145,822,677
902,-988,-86
-392,111,-281
464,389,853
882,-700,182
-726,810,84
-982,799,-183
568,789,1357
-799,724,-75
680,-635,45
-612,-172,-784
689,-356,333
-564,-19,-583
-339,-473,-812
164,706,870
429,-825,-396
827,3,830
-460,688,228
56,-411,-355
-160,-443,-603
765,342,1107
-926,503,-423
823,442,1265
355,606,961
-16,98,82
-35,999,964
606,-241,365
572,-733,-161
493,153,646
919,778,1697
462,-207,255
-615,-813,-1428
838,-326,512
-875,-992,-1867
858,678,1536
144,568,712
250,-687,-437
-382,719,337
-938,637,-301
731,-487,244
-664,-586,-1250
-804,207,-597
948,-855,93
-70,421,351
33,817,850
-111,-336,-447
-282,-785,-1067
-157,74,-83
-10,-159,-169
282,695,977
-801,356,-445
798,-15,783
245,-330,-85
-871,-666,-1537
-440,-571,-1011
490,-300,190
-316,-330,-646
694,-724,-30
750,523,1273
191,-482,-291
-956,709,-247
793,612,1405
530,223,753
-709,-914,-1623
184,-740,-556
-622,690,68
-231,-958,-1189
-737,-376,-1113
-639,40,-599
508,-905,-397
949,-316,633
-70,123,53
607,-936,-329
-581,110,-471
-833,-526,-1359
-324,241,-83
-926,457,-469
-113,961,848
280,-317,-37
363,19,382
-613,-297,-910
1000,383,1383
-999,-455,-1454
292,317,609
416,-862,-446
50,556,606
-595,524,-71
974,612,1586
-21,100,79
-255,692,437
-725,746,21
547,-392,155
504,-277,227
187,-350,-163
-596,696,100
-246,498,252
-542,-165,-707
555,378,933
900,798,1698
-10,-106,-116
193,172,365
925,664,1589
-690,-606,-1296
865,334,1199
393,997,1390
-288,847,559
-421,-231,-652
878,-428,450
628,595,1223
758,-964,-206
-917,929,12
-163,-823,-986
-527,-868,-1395
-880,-204,-1084
-561,-847,-1408
-526,-376,-902
-907,474,-433
474,615,1089
-366,-179,-545
-48,468,420
253,-34,219
579,-469,110
-695,-543,-1238
-562,-650,-1212
586,-303,283
335,646,981
932,304,1236
850,-839,11
58,-363,-305
116,971,1087
5,764,769
-627,209,-418
43,-15,28
-296,-833,-1129
152,897,1049
-572,-778,-1350
-425,-653,-1078
-860,-937,-1797
659,-941,-282
37,-450,-413
-244,711,467
574,725,1299
-976,543,-433
578,277,855
-394,-822,-1216
208,919,1127
-79,-578,-657
-527,537,10
288,-512,-224
-549,-82,-631
-347,-424,-771
66,584,650
214,811,1025
718,332,1050
221,-320,-99
-610,-156,-766
-114,-477,-591
936,558,1494
-447,-27,-474
-530,-403,-933
-806,-814,-1620
352,499,851
38,76,114
554,418,972
999,-473,526
181,224,405
773,-201,572
210,-569,-359
187,460,647
976,-658,318
338,435,773
-775,823,48
35,92,127
262,-522,-260
-393,-527,-920
-835,4,-831
-498,-190,-688
-330,670,340
518,867,1385
767,-783,-16
-615,663,48
671,492,1163
201,-835,-634
-522,-558,-1080
496,-600,-104
-827,252,-575
596,-916,-320
-639,150,-489
-811,469,-342
629,-771,-142
-991,-891,-1882
317,675,992
667,-105,562
-325,-821,-1146
607,-921,-314
-225,788,563
930,-716,214
546,-959,-413
869,196,1065
-348,917,569
-349,-628,-977
13,192,205
-586,592,6
864,416,1280
544,-462,82
761,-99,662
-398,169,-229
-780,-521,-1301
406,212,618
-916,-23,-939
-612,-33,-645
270,-341,-71
-330,961,631
115,6,121
757,701,1458
478,382,860
392,391,783
-30,-195,-225
-717,-580,-1297
-105,845,740
-107,20,-87
-624,-687,-1311
-541,-447,-988
764,-117,647
647,303,950
141,-430,-289
791,-379,412
-821,101,-720
-920,867,-53
110,524,634
327,248,575
-116,-151,-267
10,-296,-286
64,268,332
487,-203,284
-369,840,471
955,-729,226
31,-416,-385
333,-240,93
-508,672,164
999,977,1976
468,491,959
825,-971,-146
812,498,1310
111,366,477
748,-12,736
-264,71,-193
-951,136,-815
-498,-719,-1217
-362,587,225
-611,74,-537
-557,-512,-1069
-719,-215,-934
869,-463,406
788,760,1548
-339,-4,-343
-923,-767,-1690
635,585,1220
813,661,1474
823,-444,379
-154,481,327
512,541,1053
-105,-630,-735
703,-388,315
132,-79,53
412,499,911
90,-430,-340
-826,340,-486
753,-560,193
655,-912,-257
-801,-117,-918
-471,-809,-1280
-720,248,-472
-182,-311,-493
-684,-352,-1036
-898,-606,-1504
-670,336,-334
344,678,1022
-891,-501,-1392
875,-965,-90
-320,657,337
249,-503,-254
-874,623,-251
-398,-105,-503
-631,-497,-1128
352,120,472
23,-62,-39
-291,-861,-1152
-126,105,-21
-272,-965,-1237
-579,-425,-1004
431,21,452
-285,474,189
-433,-247,-680
-915,-99,-1014
-608,200,-408
700,-214,486
892,-584,308
147,-131,16
-119,393,274
-627,-170,-797
452,-426,26
185,707,892
-21,232,211
664,-120,544
297,796,1093
-718,-169,-887
-632,-91,-723
181,-34,147
815,876,1691
-701,-694,-1395
871,-182,689
-495,-953,-1448
460,-69,391
11,567,578
367,-857,-490
367,171,538
602,120,722
387,-682,-295
786,-826,-40
-671,-119,-790
-6,-498,-504
686,-671,15
231,348,579
-111,701,590
225,975,1200
-858,832,-26
-784,-610,-1394
984,-704,280
-144,759,615
-550,-37,-587
737,-12,725
-556,626,70
-568,267,-301
126,554,680
-314,-214,-528
-369,807,438
-433,163,-270
-836,831,-5
-751,-561,-1312
-162,-214,-376
193,506,699
632,-732,-100
319,740,1059
202,-51,151
-570,686,116
-903,-402,-1305
-856,-650,-1506
-92,128,36
752,-794,-42
-899,314,-585
161,512,673
477,281,758
-719,-840,-1559
-585,846,261
459,583,1042
825,-51,774
855,537,1392
932,-526,406
493,-567,-74
-27,-171,-198
-65,380,315
313,882,1195
385,279,664
-85,-84,-169
204,912,1116
-811,-885,-1696
304,514,818
-999,612,-387
-326,557,231
342,410,752
465,-105,360
-940,819,-121
911,195,1106
445,-373,72
225,-47,178
804,690,1494
-695,834,139
-879,-304,-1183
-51,682,631
-213,-677,-890
667,577,1244
-211,-888,-1099
-479,-152,-631
-627,-700,-1327
-451,517,66
-230,628,398
-652,-50,-702
-480,595,115
-889,884,-5
-294,-81,-375
-378,-160,-538
-231,-688,-919
-291,-433,-724
-54,-762,-816
929,856,1785
792,-739,53
-366,929,563
-896,-844,-1740
-139,932,793
212,894,1106
-91,-183,-274
353,750,1103
336,912,1248
887,-426,461
-142,-797,-939
-873,-867,-1740
-399,775,376
-347,395,48
-535,-740,-1275
-338,-389,-727
-163,-363,-526
-594,-486,-1080
652,760,1412
-5,-277,-282
-294,24,-270
190,-801,-611
753,-670,83
-393,-901,-1294
-183,916,733
-17,943,926
-38,-136,-174
-298,262,-36
205,-84,121
223,-49,174
-48,-288,-336
845,-216,629
-57,913,856
-251,388,137
248,-425,-177
617,762,1379
225,989,1214
524,961,1485
-138,929,791
242,-807,-565
25,164,189
-902,-949,-1851
-344,-460,-804
-521,-24,-545
965,-983,-18
170,-212,-42
823,54,877
-4,-298,-302
-851,-637,-1488
-224,54,-170
227,-349,-122
-593,-98,-691
-862,251,-611
-698,378,-320
-943,456,-487
349,173,522
-977,240,-737
838,-940,-102
164,-240,-76
-239,-933,-1172
654,-527,127
-94,-249,-343
-229,978,749
216,-332,-116
833,-234,599
232,-163,69
113,295,408
-663,411,-252
936,-82,854
994,293,1287
169,902,1071
-632,175,-457
806,599,1405
-89,-83,-172
323,-96,227
-42,-969,-1011
982,-491,491
970,-156,814
-378,-841,-1219
-947,-95,-1042
421,876,1297
-232,-452,-684
878,-513,365
-390,-758,-1148
127,-217,-90
-648,76,-572
-844,6,-838
207,-588,-381
262,635,897
231,409,640
-386,-635,-1021
443,241,684
-492,-376,-868
-115,-805,-920
535,374,909
-712,988,276
978,-775,203
22,-611,-589
139,-546,-407
-196,593,397
-433,303,-130
701,647,1348
-10,824,814
804,699,1503
418,847,1265
363,-716,-353
365,866,1231
899,552,1451
502,569,1071
734,-478,256
468,-231,237
-423,659,236
-345,-124,-469
-654,-404,-1058
131,-84,47
-188,502,314
-16,-866,-882
182,-276,-94
-166,-874,-1040
965,156,1121
-348,881,533
-482,-381,-863
880,38,918
17,993,1010
-942,-735,-1677
481,-286,195
529,68,597
91,120,211
-132,-223,-355
-687,-741,-1428
-801,436,-365
663,-519,144
375,83,458
-604,914,310
-780,697,-83
-674,159,-515
-913,24,-889
783,-350,433
959,374,1333
984,262,1246
963,-895,68
968,811,1779
-283,566,283
874,874,1748
228,240,468
-690,835,145
669,-270,399
989,230,1219
382,-994,-612
934,-516,418
-239,925,686
-847,900,53
-512,877,365
230,-881,-651
-119,-991,-1110
924,-573,351
-853,-110,-963
756,921,1677
871,-5,866
139,-160,-21
-863,13,-850
-99,870,771
867,-579,288
-877,-854,-1731
432,894,1326
-868,-46,-914
605,-570,35
-934,919,-15
728,-716,12
-943,863,-80
-322,663,341
-426,609,183
867,859,1726
-651,-299,-950
208,757,965
-540,34,-506
4,-632,-628
266,-253,13
-81,-841,-922
-544,301,-243
595,-768,-173
-719,502,-217
-187,-761,-948
-524,876,352
-30,-226,-256
-718,-419,-1137
-774,640,-134
-4,-195,-199
7,-921,-914
-507,-816,-1323
404,279,683
-716,519,-197
649,-933,-284
-388,653,265
-46,-42,-88
-279,-520,-799
-887,476,-411
-237,533,296
-28,-972,-1000
143,191,334
-574,-369,-943
-856,484,-372
582,466,1048
-733,464,-269
-449,538,89
-28,300,272
-211,416,205
-668,-119,-787
-881,-420,-1301
-842,-180,-1022
-560,-843,-1403
-191,968,777
-851,847,-4
-379,-159,-538
-423,-25,-448
900,-823,77
473,950,1423
-783,17,-766
-178,117,-61
-52,-675,-727
-678,-575,-1253
-524,-73,-597
603,-825,-222
-172,-379,-551
665,855,1520
-431,-367,-798
79,-64,15
-247,864,617
514,299,813
-679,389,-290
-684,-252,-936
-82,821,739
373,872,1245
-995,539,-456
-113,-8,-121
-683,734,51
-178,-623,-801
161,-949,-788
559,142,701
-369,862,493
155,384,539
169,-735,-566
623,-29,594
-568,-220,-788
-47,-213,-260
974,350,1324
-881,319,-562
417,-558,-141
-752,-381,-1133
647,153,800
-812,491,-321
-24,559,535
961,605,1566
419,-232,187
-589,150,-439
721,832,1553
53,544,597
835,-535,300
-721,-413,-1134
-798,91,-707
739,488,1227
-643,-740,-1383
-515,-838,-1353
-894,-379,-1273
-622,803,181
-753,412,-341
518,-250,268
-935,309,-626
-334,505,171
33,-215,-182
401,-13,388
244,-129,115
349,430,779
754,-82,672
-142,390,248
-972,538,-434
608,-436,172
874,771,1645
-913,-173,-1086
736,269,1005
201,-26,175
-632,602,-30
886,-862,24
107,-604,-497
638,845,1483
819,577,1396
-470,597,127
461,-756,-295
-649,-432,-1081
-788,-353,-1141
-731,-276,-1007
457,697,1154
749,304,1053
-773,66,-707
-389,-342,-731
-897,-853,-1750
-938,-875,-1813
-556,546,-10
492,-395,97
434,-713,-279
129,141,270
564,785,1349
618,-472,146
2,-998,-996
843,-32,811
-785,222,-563
-960,914,-46
-117,715,598
-407,33,-374
773,312,1085
180,-223,-43
-218,-825,-1043
921,-186,735
-673,406,-267
569,313,882
-966,-865,-1831
-16,63,47
557,487,1044
-611,-802,-1413
732,45,777
-905,-844,-1749
-558,323,-235
-576,32,-544
-278,863,585
912,534,1446
967,-486,481
-746,95,-651
123,36,159
-63,615,552
91,761,852
255,978,1233
426,-114,312
786,197,983
697,-473,224
-140,-599,-739
-854,718,-136
190,-310,-120
315,983,1298
-445,-678,-1123
93,-636,-543
-584,576,-8
602,-857,-255
-904,823,-81
262,-66,196
358,60,418
223,275,498
710,-360,350
974,-665,309
-851,-808,-1659
-877,-343,-1220
-650,813,163
-764,-579,-1343
714,436,1150
683,888,1571
-829,916,87
-836,138,-698
575,-636,-61
-972,-943,-1915
-7,443,436
99,182,281
-343,-403,-746
401,212,613
-478,766,288
-532,720,188
-189,19,-170
-904,-963,-1867
14,-924,-910
-995,-269,-1264
-689,-361,-1050
569,396,965
666,168,834
-720,-885,-1605
873,-903,-30
-802,351,-451
582,-730,-148
-990,571,-419
-753,-405,-1158
166,497,663
190,-180,10
-623,118,-505
-219,154,-65
689,-344,345
-392,194,-198
-470,-186,-656
-268,-302,-570
398,-964,-566
316,856,1172
-239,-679,-918
-763,96,-667
433,-39,394
81,133,214
502,927,1429
363,-286,77
730,126,856
-142,111,-31
581,70,651
987,146,1133
-63,-582,-645
-794,-213,-1007
-746,-742,-1488
-209,-905,-1114
-475,188,-287
59,859,918
702,-547,155
289,323,612
660,800,1460
-478,446,-32
-952,842,-110
162,-24,138
906,-83,823
179,-900,-721
566,-586,-20
-660,-439,-1099
569,-96,473
403,348,751
-590,-290,-880
-672,-729,-1401
513,-645,-132
186,295,481
763,856,1619
-112,-43,-155
793,491,1284
-692,271,-421
847,-129,718
676,-483,193
193,102,295
642,-838,-196
-531,-44,-575
-508,240,-268
-243,542,299
334,43,377
-99,916,817
-739,-302,-1041
207,313,520
104,-348,-244
-599,996,397
82,-836,-754
408,-341,67
-844,-144,-988
-89,-653,-742
-228,458,230
633,290,923
889,316,1205
741,76,817
968,-340,628
352,-243,109
573,102,675
374,-373,1
-554,95,-459
661,-124,537
-162,-381,-543
231,922,1153
-824,-335,-1159
-616,375,-241
-667,1,-666
587,304,891
990,662,1652
10,-175,-165
-501,-36,-537
9,711,720
-823,399,-424
-825,343,-482
970,-273,697
-780,798,18
-903,366,-537
808,-235,573
461,-155,306
-279,111,-168
20,-618,-598
-794,353,-441
278,183,461
815,-870,-55
618,-106,512
-115,234,119
-611,761,150
-805,-147,-952
-450,768,318
-799,-662,-1461
496,568,1064
-853,-442,-1295
907,487,1394
-529,-364,-893
613,-251,362
485,470,955
121,998,1119
358,488,846
43,-798,-755
-394,318,-76
72,-248,-176
865,297,1162
523,-791,-268
326,-520,-194
5,174,179
421,-531,-110
-218,600,382
376,-413,-37
-339,418,79
-384,356,-28
871,594,1465
-556,-436,-992
745,329,1074
-976,-550,-1526
-522,117,-405
731,-184,547
978,-495,483
-527,174,-353
-279,387,108
244,-53,191
274,140,414
459,-676,-217
942,-676,266
26,611,637
-187,-270,-457
-449,372,-77
731,-54,677
706,598,1304
703,398,1101
74,806,880
762,810,1572
658,46,704
-141,772,631
-941,-877,-1818
50,230,280
-362,-66,-428
199,861,1060
494,249,743
-441,-138,-579
-976,882,-94
-408,501,93
-173,782,609
-240,346,106
-146,-1,-147
-753,45,-708
190,564,754
492,638,1130
742,-260,482
-957,-28,-985
-74,-561,-635
-180,633,453
-310,990,680
-794,-553,-1347
332,-324,8
405,662,1067
437,-636,-199
483,100,583
-173,-240,-413
-900,944,44
304,-95,209
322,-406,-84
-142,-634,-776
-101,-85,-186
35,-73,-38
-596,-785,-1381
25,-540,-515
213,-741,-528
178,544,722
-853,-240,-1093
-637,-443,-1080
-525,741,216
-278,90,-188
-757,-553,-1310
489,821,1310
733,-406,327
218,-465,-247
-245,-444,-689
731,-78,653
-218,-427,-645
-845,-210,-1055
-421,-645,-1066
-198,-331,-529
-100,136,36
503,557,1060
171,926,1097
979,-772,207
-9,-322,-331
-72,-467,-539
-230,130,-100
331,-789,-458
-235,425,190
869,-495,374
-664,-948,-1612
-332,-818,-1150
-45,227,182
329,364,693
56,26,82
-693,820,127
321,-57,264
-350,-6,-356
351,743,1094
448,-706,-258
207,934,1141
-914,979,65
-135,-608,-743
-655,-424,-1079
-403,526,123
-162,-336,-498
782,-556,226
-673,-408,-1081
426,854,1280
677,-465,212
-133,-370,-503
481,319,800
-827,-220,-1047
108,822,930
202,-335,-133
430,357,787
-40,-312,-352
179,280,459
-160,162,2
-52,72,20
83,-7,76
-474,-266,-740
-111,343,232
-314,-241,-555
-102,-293,-395
357,443,800
-114,-295,-409
80,-18,62
-291,403,112
-227,-188,-415
-345,-417,-762
397,63,460
-28,-190,-218
-368,-181,-549
409,14,423
-423,-338,-761
256,309,565
164,-454,-290
-483,-82,-565
-304,419,115
46,302,348
195,352,547
-415,25,-390
-141,-4,-145
-336,97,-239
228,349,577
53,237,290
164,159,323
-181,-104,-285
485,366,851
41,-335,-294
313,347,660
370,53,423
-471,325,-146
339,-360,-21
-417,-370,-787
136,275,411
-235,138,-97
217,-106,111
-325,-216,-541
-198,-273,-471
461,-248,213
72,-31,41
-179,-332,-511
-115,204,89
-66,321,255
-58,409,351
141,-382,-241
164,424,588
-6,-331,-337
-160,7,-153
167,-467,-300
203,-267,-64
-295,-288,-583
101,-393,-292
324,104,428
-344,-285,-629
-410,480,70
442,-376,66
-257,-487,-744
61,13,74
363,-80,283
-393,252,-141
155,-348,-193
495,-94,401
238,331,569
165,257,422
315,-431,-116
175,358,533
-42,173,131
9,495,504
62,323,385
52,-302,-250
106,42,148
-489,-35,-524
110,280,390
-72,-244,-316
-496,-404,-900
-227,95,-132
-403,-440,-843
267,426,693
296,232,528
-145,378,233
182,436,618
67,266,333
367,211,578
182,-350,-168
160,-223,-63
197,162,359
-399,-293,-692
396,-162,234
354,-190,164
414,-310,104
-79,452,373
-312,196,-116
149,474,623
414,-415,-1
-374,-194,-568
-404,-491,-895
374,122,496
-98,-391,-489
234,426,660
311,229,540
-304,-443,-747
87,-193,-106
304,-250,54
-498,-146,-644
487,134,621
405,178,583
448,-447,1
-6,-13,-19
465,298,763
11,153,164
480,447,927
-108,482,374
435,-220,215
-100,-439,-539
-392,178,-214
-478,109,-369
-289,410,121
-482,-253,-735
398,-242,156
336,-455,-119
-26,-13,-39
-214,-477,-691
-450,-248,-698
435,465,900
-160,-254,-414
-358,-62,-420
-468,-251,-719
451,-243,208
377,60,437
457,7,464
-429,455,26
54,336,390
-154,-250,-404
265,401,666
184,-491,-307
-62,-363,-425
-15,-40,-55
-496,-457,-953
469,-156,313
-142,264,122
5,-388,-383
410,159,569
-350,327,-23
-179,83,-96
-492,260,-232
259,-482,-223
95,489,584
-417,160,-257
-9,44,35
138,-186,-48
120,248,368
431,406,837
-439,-254,-693
-83,124,41
155,293,448
1,-422,-421
-141,-134,-275
256,305,561
-95,-113,-208
291,98,389
-286,159,-127
226,308,534
64,338,402
-349,397,48
-170,133,-37
-188,136,-52
498,207,705
252,-469,-217
-41,270,229
375,263,638
-340,52,-288
493,-293,200
298,-108,190
221,330,551
285,21,306
394,450,844
265,-250,15
360,-176,184
442,403,845
432,-391,41
-448,-155,-603
498,328,826
-116,373,257
-384,-267,-651
451,392,843
166,-187,-21
415,290,705
-409,-497,-906
455,262,717
-70,-310,-380
130,103,233
-313,-193,-506
-173,209,36
450,-344,106
-33,442,409
-479,-365,-844
256,226,482
208,-357,-149
240,-475,-235
-47,-224,-271
204,99,303
341,-103,238
-62,124,62
45,98,143
115,156,271
-428,-481,-909
214,-453,-239
-76,-347,-423
484,84,568
485,66,551
-47,-64,-111
420,-18,402
-403,383,-20
-437,449,12
-177,182,5
-445,-294,-739
339,-483,-144
-269,110,-159
194,-239,-45
455,481,936
-322,127,-195
197,213,410
459,196,655
-420,153,-267
-21,495,474
-75,290,215
165,-188,-23
-58,236,178
-413,437,24
367,-212,155
-456,249,-207
-70,204,134
-263,-327,-590
480,-232,248
-381,-465,-846
-300,250,-50
-95,-464,-559
242,-250,-8
-176,34,-142
-153,110,-43
-477,-322,-799
-15,-23,-38
-44,-137,-181
-87,-126,-213
-363,498,135
335,17,352
255,-134,121
471,52,523
274,-312,-38
306,-425,-119
342,-294,48
-397,-364,-761
-166,111,-55
245,171,416
226,479,705
-420,112,-308
388,337,725
387,299,686
220,-93,127
-429,-24,-453
-304,134,-170
382,-15,367
157,-14,143
-431,-176,-607
458,211,669
242,-277,-35
7,-166,-159
-4,-194,-198
383,-210,173
286,-282,4
393,-135,258
338,266,604
-310,321,11
-231,-320,-551
-30,-152,-182
-348,127,-221
-188,42,-146
267,-367,-100
-157,-118,-275
298,-185,113
234,101,335
104,13,117
-423,497,74
379,-374,5
-267,-373,-640
194,-445,-251
265,-141,124
-450,-339,-789
20,439,459
418,201,619
109,494,603
309,-62,247
-157,-92,-249
134,-456,-322
-331,460,129
464,-114,350
207,-239,-32
254,54,308
-360,177,-183
398,88,486
-179,387,208
64,-129,-65
-142,285,143
487,88,575
375,93,468
128,-39,89
-262,186,-76
-303,283,-20
48,-393,-345
-448,-227,-675
481,140,621
398,32,430
-438,285,-153
-315,35,-280
101,310,411
-97,128,31
207,294,501
-456,378,-78
-304,52,-252
-219,-26,-245
1,-157,-156
147,306,453
-8,398,390
61,-361,-300
43,-236,-193
6,-74,-68
176,-431,-255
-70,316,246
-199,-434,-633
-203,-135,-338
328,59,387
-15,455,440
-28,-254,-282
-370,404,34
136,447,583
424,302,726
96,-271,-175
-475,445,-30
67,362,429
-238,-417,-655
-497,454,-43
486,-348,138
73,120,193
-144,412,268
-233,-365,-598
313,440,753
-39,378,339
-411,380,-31
-469,457,-12
-483,-226,-709
423,-33,390
395,-357,38
-299,-394,-693
199,-293,-94
86,-343,-257
28,-375,-347
-211,131,-80
-287,88,-199
-114,-397,-511
-270,256,-14
-368,-428,-796
400,-365,35
-490,-465,-955
245,129,374
324,397,721
366,90,456
307,392,699
108,112,220
-406,-230,-636
-45,139,94
-487,43,-444
-168,351,183
-233,-444,-677
-65,304,239
-318,211,-107
-26,465,439
273,-272,1
-266,207,-59
231,-314,-83
258,-26,232
-325,462,137
-7,-149,-156
375,326,701
-211,495,284
-452,-476,-928
-227,184,-43
314,-46,268
-239,303,64
472,-455,17
182,-280,-98
-202,15,-187
147,175,322
104,-260,-156
395,-306,89
465,-289,176
368,191,559
-217,159,-58
158,422,580
-472,139,-333
122,-258,-136
57,-483,-426
421,-352,69
402,476,878
-109,233,124
309,435,744
251,-267,-16
30,54,84
21,363,384
444,-12,432
-367,413,46
185,221,406
-6,-231,-237
-303,234,-69
-331,59,-272
372,183,555
302,-283,19
-78,-116,-194
-316,-52,-368
353,273,626
392,-146,246
-470,13,-457
-41,-471,-512
348,155,503
9,125,134
50,-318,-268
329,-438,-109
152,-167,-15
372,114,486
419,215,634
411,-448,-37
128,-406,-278
317,420,737
-63,308,245
177,169,346
-259,-108,-367
-96,112,16
70,-206,-136
-326,400,74
4,445,449
-314,252,-62
248,490,738
358,-366,-8
-263,496,233
277,-424,-147
491,-92,399
-253,384,131
365,395,760
-207,-348,-555
-180,-362,-542
111,-19,92
-387,143,-244
-259,175,-84
-365,-376,-741
-371,-130,-501
-399,-364,-763
-386,442,56
38,-85,-47
296,496,792
141,25,166
-2,-310,-312
232,366,598
408,-10,398
303,-215,88
298,-387,-89
-216,131,-85
-432,-220,-652
-299,-432,-731
478,-298,180
-256,-296,-552
-91,-125,-216
284,152,436
485,307,792
376,-240,136
-182,-220,-402
465,-342,123
-169,201,32
-403,157,-246
-285,-376,-661
17,328,345
399,-248,151
203,-156,47
-65,16,-49
-223,128,-95
-353,-291,-644
-272,-75,-347
-153,251,98
-92,500,408
-498,319,-179
-62,-421,-483
-98,-24,-122
-190,-177,-367
-80,247,167
338,340,678
-137,-408,-545
-70,-226,-296
-457,-496,-953
395,-309,86
389,48,437
10,-352,-342
-170,-272,-442
-20,151,131
246,-192,54
-94,-318,-412
-455,406,-49
293,413,706
-244,389,145
250,417,667
-446,85,-361
-343,118,-225
-413,-483,-896
-191,-211,-402
330,359,689
-80,8,-72
45,-380,-335
-10,-241,-251
-359,196,-163
-346,225,-121
166,280,446
-285,133,-152
-231,-249,-480
254,-393,-139
408,-408,0
109,-288,-179
422,-438,-16
108,98,206
-267,191,-76
-42,447,405
368,228,596
251,-367,-116
182,270,452
-213,-55,-268
249,-338,-89
-364,271,-93
-392,141,-251
179,256,435
227,39,266
100,61,161
-481,-344,-825
-298,107,-191
320,-167,153
-269,-398,-667
431,-21,410
-74,-488,-562
99,193,292
-135,114,-21
381,25,406
27,200,227
486,-312,174
97,38,135
486,-196,290
-237,18,-219
255,-4,251
-492,-210,-702
287,-151,136
-249,-123,-372
244,446,690
347,68,415
340,-21,319
-14,-26,-40
-306,213,-93
451,224,675
484,59,543
-380,102,-278
-219,-428,-647
-458,-150,-608
85,225,310
-97,-181,-278
147,53,200
-219,-260,-479
-145,48,-97
-308,303,-5
-268,-294,-562
178,9,187
-105,-277,-382
-371,-336,-707
290,7,297
338,441,779
320,486,806
172,-450,-278
-258,-172,-430
-442,30,-412
386,340,726
354,-333,21
168,-194,-26
173,378,551
-130,437,307
-218,-472,-690
-21,131,110
485,5,490
495,483,978
22,-321,-299
2,353,355
-325,50,-275
346,-482,-136
263,-166,97
308,-344,-36
17,84,101
-238,-340,-578
261,182,443
-353,12,-341
294,-165,129
-260,-276,-536
443,256,699
106,249,355
383,-154,229
-30,-408,-438
-230,59,-171
-313,-31,-344
389,-426,-37
-467,228,-239
442,-325,117
242,268,510
213,475,688
-395,-240,-635
-221,-396,-617
-491,-223,-714
-316,-89,-405
-187,-238,-425
-202,-416,-618
-15,392,377
238,499,737
60,277,337
-327,269,-58
340,427,767
-217,-446,-663
-71,-347,-418
-104,-423,-527
-85,-330,-415
-131,58,-73
-443,494,51
-463,61,-402
193,92,285
-301,-167,-468
302,179,481
206,-409,-203
-59,293,234
-113,217,104
413,-445,-32
-268,-47,-315
9,415,424
-225,94,-131
-147,-278,-425
-238,252,14
-175,99,-76
-108,-95,-203
-260,-352,-612
-286,-413,-699
-337,-232,-569
311,175,486
481,119,600
-353,-7,-360
-39,-255,-294
26,421,447
345,-342,3
-285,268,-17
151,480,631
19,412,431
181,326,507
-391,-174,-565
-193,-321,-514
413,-41,372
390,158,548
457,195,652
-109,289,180
-120,-335,-455
113,-300,-187
-360,32,-328
424,-357,67
-93,-154,-247
-160,-479,-639
5,455,460
-220,-127,-347
31,137,168
279,-427,-148
416,-472,-56
-24,350,326
-82,-188,-270
-95,150,55
-71,84,13
95,-499,-404
-290,496,206
492,-431,61
137,240,377
64,-20,44
-438,402,-36
-245,-123,-368
-323,463,140
-365,-288,-653
-223,283,60
135,225,360
431,-64,367
394,-394,0
93,-132,-39
311,-211,100
226,-129,97
-95,-146,-241
-463,-383,-846
124,263,387
423,248,671
260,108,368
-431,-418,-849
-471,-477,-948
42,-488,-446
-194,443,249
290,278,568
224,123,347
288,264,552
-78,-151,-229
344,-28,316
-153,260,107
200,73,273
-237,187,-50
-328,-253,-581
-32,322,290
47,-7,40
66,233,299
95,43,138
407,-341,66
-200,442,242
313,79,392
324,-400,-76
-195,-231,-426
377,-422,-45
-207,164,-43
156,153,309
246,212,458
46,242,288
-329,159,-170
-348,429,81
-265,316,51
-302,-65,-367
-183,-456,-639
163,432,595
-423,-338,-761
242,-337,-95
297,238,535
-215,382,167
269,227,496
-182,-62,-244
-98,-296,-394
-444,-232,-676
31,-20,11
-197,42,-155
-328,-329,-657
-26,-432,-458
-32,284,252
-494,184,-310
-46,484,438
-468,-94,-562
341,-276,65
11,-428,-417
427,41,468
-498,99,-399
-134,300,166
-110,-452,-562
-215,288,73
-433,375,-58
62,114,176
-331,-24,-355
-388,123,-265
483,408,891
6,66,72
386,-27,359
175,-319,-144
416,202,618
349,-259,90
94,-433,-339
-55,-427,-482
29,-138,-109
-41,-195,-236
-106,387,281
-53,-474,-527
-29,-299,-328
-266,434,168
-260,-162,-422
47,247,294
-94,-41,-135
304,264,568
-407,-274,-681
-405,-244,-649
275,-454,-179
284,296,580
129,117,246
-221,314,93
396,45,441
-475,201,-274
-493,-408,-901
24,-111,-87
438,143,581
264,78,342
56,-321,-265
165,-458,-293
-482,122,-360
-286,-355,-641
-32,327,295
29,203,232
-467,287,-180
-254,467,213
116,182,298
-45,-1,-46
-204,154,-50
478,127,605
141,205,346
36,72,108
-476,296,-180
6,93,99
137,-144,-7
115,-418,-303
-84,376,292
329,-406,-77
-301,277,-24
168,-346,-178
320,405,725
-311,-47,-358
-488,486,-2
70,373,443
214,-192,22
450,-269,181
217,321,538
-392,-139,-531
218,26,244
-458,22,-436
-142,237,95
-371,154,-217
310,414,724
-31,-457,-488
108,-414,-306
-9,38,29
165,25,190
118,102,220
381,-206,175
60,190,250
163,325,488
212,411,623
-160,51,-109
247,243,490
257,-229,28
426,-73,353
-117,141,24
-355,390,35
23,-99,-76
-54,-429,-483
-299,433,134
94,-236,-142
-268,-313,-581
-350,-380,-730
-298,432,134
-87,-16,-103
-440,9,-431
-316,137,-179
-414,-341,-755
-456,-451,-907
173,-343,-170
449,-243,206
332,-48,284
-83,62,-21
-225,495,270
245,-452,-207
434,-422,12
239,481,720
-19,29,10
-200,-319,-519
-270,-230,-500
-495,270,-225
-390,48,-342
-423,-411,-834
-64,31,-33
-181,-430,-611
395,-32,363
-443,314,-129
103,-494,-391
-356,168,-188
-210,-370,-580
-493,452,-41
-418,20,-398
-371,239,-132
413,-75,338
-298,212,-86
-227,-370,-597
199,364,563
303,-85,218
354,470,824
-210,124,-86
322,-381,-59
-275,128,-147
56,-421,-365
-8,-467,-475
248,404,652
-451,260,-191
-455,339,-116
306,-246,60
338,409,747
263,-369,-106
-245,-57,-302
-425,114,-311
232,-147,85
-140,291,151
453,-369,84
23,-313,-290
72,-135,-63
116,-10,106
-276,219,-57
322,64,386
184,-488,-304
152,-486,-334
-190,482,292
68,237,305
221,-268,-47
-76,-463,-539
-375,495,120
291,181,472
-113,-278,-391
107,5,112
425,-339,86
-178,179,1
-99,-80,-179
81,-419,-338
-76,253,177
99,124,223
436,248,684
133,-157,-24
-75,290,215
403,-94,309
-190,444,254
-363,-301,-664
-220,338,118
-134,333,199
-359,-485,-844
385,-495,-110
-383,-16,-399
19,-458,-439
-98,-459,-557
-217,247,30
177,-387,-210
-165,-283,-448
392,-178,214
460,473,933
-495,-320,-815
-195,159,-36
-464,438,-26
238,77,315
-311,103,-208
-125,496,371
-99,41,-58
-244,-387,-631
47,-454,-407
-391,-338,-729
454,261,715
231,-166,65
232,-86,146
-216,216,0
491,194,685
-476,363,-113
104,-39,65
375,337,712
291,-58,233
-450,-28,-478
-499,43,-456
-266,206,-60
-134,-115,-249
132,22,154
-388,482,94
-355,47,-308
253,-40,213
224,262,486
-167,36,-131
-281,-143,-424
-402,154,-248
-211,-314,-525
-282,-69,-351
-418,363,-55
284,298,582
-434,251,-183
-248,76,-172
208,200,408
-151,96,-55
481,-459,22
428,-66,362
-403,402,-1
403,-221,182
-478,167,-311
251,19,270
165,-173,-8
402,-145,257
-495,-169,-664
266,338,604
419,-465,-46
-248,196,-52
-116,-334,-450
214,-8,206
-333,472,139
-79,-371,-450
-172,-319,-491
-244,444,200
-97,33,-64
-14,-6,-20
-31,88,57
-22,97,75
-41,31,-10
77,-74,3
94,73,167
-45,26,-19
6,69,75
91,56,147
-12,-15,-27
-7,-55,-62
14,-81,-67
33,4,37
-36,90,54
86,65,151
52,55,107
-27,58,31
19,-90,-71
-82,-38,-120
84,49,133
86,-69,17
52,-87,-35
80,100,180
-81,-49,-130
-100,60,-40
-95,-9,-104
-28,-14,-42
-94,81,-13
-22,71,49
-99,100,1
0,-95,-95
-34,42,8
-34,57,23
-64,-12,-76
21,-9,12
-91,-76,-167
-51,-79,-130
-21,12,-9
15,-43,-28
-71,12,-59
24,-28,-4
-64,-29,-93
73,-93,-20
-53,-5,-58
29,80,109
-28,-45,-73
-13,16,3
39,-37,2
42,-49,-7
51,-99,-48
53,-96,-43
43,94,137
-100,0,-100
-75,45,-30
-62,-92,-154
15,20,35
90,51,141
70,43,113
61,3,64
15,-36,-21
15,87,102
-23,-9,-32
-21,-82,-103
49,22,71
-58,76,18
54,79,133
94,-25,69
-92,47,-45
-100,-87,-187
-66,59,-7
37,-14,23
-16,-3,-19
68,-85,-17
-100,94,-6
-33,-43,-76
66,-71,-5
1,90,91
-26,-83,-109
69,10,79
88,9,97
-24,-15,-39
-99,32,-67
-12,-30,-42
-55,-31,-86
55,-1,54
18,-66,-48
31,27,58
60,-78,-18
-36,61,25
-48,-45,-93
-95,76,-19
47,-1,46
-86,95,9
4,20,24
-48,64,16
67,-31,36
-93,70,-23
-97,-92,-189
82,58,140
-29,62,33
62,-18,44
37,34,71
-61,-60,-121
-13,36,23
69,-30,39
-41,94,53
-47,-90,-137
85,60,145
31,-63,-32
-35,-48,-83
41,-88,-47
36,-18,18
-85,-37,-122
35,44,79
85,52,137
-65,-49,-114
-80,-9,-89
66,-9,57
76,17,93
43,-58,-15
-47,-63,-110
-38,1,-37
66,5,71
68,-46,22
83,7,90
-74,97,23
-14,-62,-76
84,-70,14
32,-52,-20
1,-18,-17
52,-43,9
-29,-62,-91
-16,89,73
35,97,132
-19,-7,-26
19,38,57
98,63,161
70,-77,-7
-2,69,67
71,-61,10
-63,-8,-71
-30,-64,-94
38,-96,-58
34,21,55
-83,-51,-134
-26,-50,-76
-49,-29,-78
25,9,34
-26,60,34
-40,-27,-67
-50,91,41
77,-41,36
22,-76,-54
54,-33,21
34,-26,8
6,-64,-58
-28,-89,-117
90,89,179
96,-20,76
-58,61,3
76,-39,37
-79,-89,-168
4,-91,-87
-28,-94,-122
-86,27,-59
49,89,138
18,-56,-38
1,52,53
25,-19,6
24,85,109
73,-49,24
97,-62,35
95,-60,35
-93,-82,-175
19,-40,-21
-79,13,-66
25,49,74
-38,-89,-127
39,-17,22
-73,-18,-91
100,38,138
70,26,96
-70,-42,-112
-88,-32,-120
49,-19,30
-46,-20,-66
23,-16,7
-20,38,18
5,-67,-62
-77,16,-61
-54,-100,-154
70,-34,36
94,8,102
18,-20,-2
100,-18,82
20,4,24
-51,-95,-146
17,66,83
-99,34,-65
-29,-26,-55
-80,-74,-154
-27,21,-6
-15,-74,-89
19,-85,-66
92,85,177
-63,66,3
-96,-51,-147
-42,-86,-128
95,-96,-1
-79,-5,-84
44,-99,-55
12,23,35
-46,-48,-94
-42,-29,-71
62,-58,4
-43,-37,-80
22,72,94
-1,51,50
3,-2,1
4,50,54
49,-44,5
-25,-65,-90
54,64,118
10,-71,-61
32,-47,-15
52,-78,-26
-41,-54,-95
63,-68,-5
-87,-93,-180
21,-31,-10
13,-67,-54
-61,83,22
-12,-63,-75
32,-47,-15
-28,6,-22
57,80,137
-12,30,18
17,28,45
-71,-48,-119
85,-10,75
99,-33,66
-30,6,-24
12,54,66
-82,50,-32
1,-88,-87
-52,68,16
99,90,189
-11,13,2
-56,28,-28
-26,-96,-122
-51,48,-3
-53,24,-29
72,57,129
-55,-4,-59
1,-96,-95
44,-82,-38
-59,-14,-73
-95,85,-10
72,-65,7
69,39,108
-52,13,-39
-15,-38,-53
-36,-5,-41
87,11,98
-7,23,16
93,97,190
-40,-74,-114
90,-63,27
55,8,63
38,47,85
23,-16,7
-40,25,-15
-15,-26,-41
-63,48,-15
-23,65,42
-100,37,-63
40,32,72
-39,-91,-130
26,-29,-3
-11,-26,-37
94,7,101
1,-42,-41
-84,-15,-99
-73,64,-9
-78,-53,-131
-3,-38,-41
44,-84,-40
87,-6,81
58,-76,-18
64,-24,40
33,53,86
59,-72,-13
68,34,102
10,29,39
78,0,78
13,-52,-39
-73,4,-69
-93,73,-20
-40,29,-11
-12,81,69
-60,-78,-138
92,-74,18
66,-62,4
-33,32,-1
-50,-45,-95
76,-97,-21
91,40,131
27,-15,12
78,-38,40
75,-63,12
-61,79,18
17,32,49
-33,53,20
-31,-81,-112
11,-9,2
98,55,153
-3,-68,-71
-34,21,-13
81,-98,-17
-48,-38,-86
-26,46,20
-2,-95,-97
-92,97,5
59,86,145
84,97,181
-1,-99,-100
-11,-89,-100
-7,-74,-81
59,32,91
-38,80,42
36,-66,-30
39,-18,21
-28,95,67
84,95,179
-95,24,-71
70,23,93
83,-2,81
64,-93,-29
93,-14,79
-63,75,12
3,-52,-49
-63,82,19
79,-79,0
10,66,76
-39,29,-10
-11,35,24
49,-81,-32
-77,-66,-143
82,-51,31
69,18,87
-3,39,36
-81,-86,-167
62,-78,-16
-76,94,18
37,-30,7
40,88,128
-6,-92,-98
26,10,36
-88,-57,-145
-85,14,-71
-56,-10,-66
83,-79,4
-42,-5,-47
6,-82,-76
56,-42,14
44,52,96
73,0,73
100,57,157
-86,-57,-143
-65,57,-8
43,-25,18
-14,28,14
-61,-93,-154
92,-100,-8
-78,44,-34
-49,64,15
-48,-92,-140
38,90,128
-5,-41,-46
-54,64,10
69,53,122
37,7,44
8,32,40
23,-39,-16
2,13,15
19,13,32
-45,36,-9
-36,74,38
-4,-44,-48
-80,85,5
14,48,62
-66,-48,-114
39,-37,2
-89,84,-5
-33,24,-9
-83,91,8
39,-64,-25
54,-7,47
-31,-32,-63
-58,89,31
-35,68,33
-39,81,42
-97,74,-23
-43,-13,-56
65,67,132
92,-5,87
49,-46,3
-83,35,-48
-95,21,-74
-43,100,57
34,60,94
39,-45,-6
46,-77,-31
84,-46,38
-96,98,2
-98,84,-14
31,70,101
22,-3,19
-80,-13,-93
43,71,114
67,-41,26
-60,33,-27
52,84,136
98,-24,74
35,-64,-29
73,23,96
35,0,35
57,91,148
36,45,81
7,-26,-19
-51,90,39
-74,48,-26
-31,-48,-79
90,94,184
-70,-29,-99
-79,-14,-93
-55,80,25
-95,-100,-195
-70,55,-15
57,72,129
-76,-97,-173
-30,54,24
-90,-71,-161
-24,-30,-54
93,-2,91
-11,-8,-19
-9,-2,-11
43,12,55
62,84,146
-2,91,89
-87,56,-31
-94,8,-86
-60,7,-53
16,7,23
15,20,35
26,29,55
47,-69,-22
36,-22,14
8,51,59
57,43,100
-59,68,9
11,-18,-7
-6,-78,-84
-28,77,49
19,61,80
13,-83,-70
-80,22,-58
38,69,107
0,12,12
83,-18,65
15,37,52
84,-57,27
80,-65,15
-41,-14,-55
5,-29,-24
-30,23,-7
-53,47,-6
23,14,37
11,7,18
85,-48,37
-14,-40,-54
12,6,18
-99,-79,-178
-70,36,-34
-15,-86,-101
85,-33,52
-29,-38,-67
63,21,84
-95,4,-91
11,-95,-84
-16,72,56
-29,52,23
-72,-69,-141
-85,16,-69
11,66,77
-58,-9,-67
31,-48,-17
-32,4,-28
52,-26,26
-6,2,-4
-27,-6,-33
75,-77,-2
4,-9,-5
-26,-57,-83
-8,-37,-45
-43,-87,-130
-100,82,-18
-46,-5,-51
20,54,74
-52,-31,-83
-1,-47,-48
12,-9,3
-92,15,-77
60,-71,-11
-76,-99,-175
98,-25,73
-40,-59,-99
32,-84,-52
-53,-94,-147
-17,85,68
-55,-27,-82
-73,28,-45
-20,70,50
29,-42,-13
36,-97,-61
42,-64,-22
18,96,114
39,69,108
0,-21,-21
92,-47,45
-81,36,-45
94,-20,74
86,-29,57
22,46,68
0,0,0
33,70,103
-61,-14,-75
40,6,46
75,23,98
85,-78,7
-80,-56,-136
58,-68,-10
-47,-52,-99
53,-68,-15
23,60,83
-48,22,-26
46,-15,31
-58,-48,-106
-54,-91,-145
18,-43,-25
89,-99,-10
-73,3,-70
-10,39,29
100,35,135
14,-97,-83
-21,-97,-118
94,83,177
67,82,149
53,-92,-39
61,7,68
-63,-25,-88
-34,93,59
21,100,121
-36,98,62
99,-65,34
41,54,95
85,-41,44
-1,-3,-4
42,68,110
-37,-9,-46
-17,98,81
-53,38,-15
-77,38,-39
38,-8,30
92,58,150
32,73,105
0,-35,-35
-6,-26,-32
-54,92,38
44,73,117
57,-46,11
-55,-76,-131
-22,82,60
44,20,64
1,-33,-32
-37,-24,-61
-43,-39,-82
-14,-33,-47
-57,54,-3
-80,87,7
-27,-26,-53
50,99,149
98,31,129
83,-25,58
-74,49,-25
58,-98,-40
62,-32,30
95,-25,70
0,10,10
40,-97,-57
-75,-19,-94
-11,-90,-101
-98,42,-56
5,63,68
-6,-95,-101
-52,29,-23
-5,60,55
-73,-97,-170
68,84,152
78,84,162
60,-63,-3
81,-41,40
78,83,161
-50,67,17
-46,-2,-48
76,59,135
27,27,54
-38,64,26
9,-36,-27
-75,-35,-110
-61,-41,-102
-80,-40,-120
44,57,101
24,83,107
75,73,148
55,87,142
1,-97,-96
37,39,76
62,-70,-8
-1,-25,-26
-21,77,56
-17,-55,-72
-7,-91,-98
-87,-76,-163
13,48,61
-89,47,-42
3,8,11
70,-55,15
-83,94,11
2,24,26
40,69,109
10,49,59
-52,-33,-85
37,-6,31
4,5,9
2,-16,-14
40,-61,-21
9,-56,-47
-32,-36,-68
-71,55,-16
66,-81,-15
-61,84,23
-72,-44,-116
70,50,120
25,-55,-30
-49,-50,-99
75,-50,25
65,29,94
9,-85,-76
-88,-36,-124
21,-37,-16
-19,14,-5
-82,-35,-117
92,22,114
-58,-74,-132
89,-23,66
95,-15,80
-36,38,2
-1,33,32
58,-21,37
74,71,145
17,-64,-47
-93,17,-76
-42,49,7
-18,-11,-29
61,32,93
-91,-26,-117
-100,100,0
50,-43,7
57,-89,-32
-35,-31,-66
0,29,29
-3,-19,-22
-20,47,27
-98,-58,-156
59,-8,51
-73,13,-60
-72,100,28
-46,-81,-127
-86,50,-36
-48,88,40
-4,49,45
55,-84,-29
-96,58,-38
67,24,91
-93,-79,-172
76,64,140
-41,1,-40
45,-85,-40
-95,87,-8
-45,92,47
70,-4,66
14,-86,-72
-26,31,5
52,-18,34
5,-8,-3
5,6,11
-50,-44,-94
-67,-73,-140
34,-99,-65
-29,-84,-113
26,-81,-55
-58,-37,-95
21,-37,-16
-19,88,69
-60,32,-28
-31,-51,-82
73,54,127
58,-98,-40
-14,42,28
86,-20,66
2,-30,-28
-64,-41,-105
84,87,171
77,100,177
-73,-47,-120
-63,-69,-132
-69,-89,-158
-58,-38,-96
18,-85,-67
-53,83,30
41,-19,22
52,-53,-1
67,66,133
88,-67,21
41,92,133
-30,3,-27
-71,96,25
-47,-5,-52
95,60,155
50,-10,40
94,-42,52
29,-77,-48
-58,80,22
-13,46,33
-48,98,50
-97,-36,-133
-11,-57,-68
54,15,69
92,42,134
29,-81,-52
-67,57,-10
81,11,92
-84,-10,-94
-26,63,37
-93,-76,-169
-51,-46,-97
43,-6,37
22,3,25
20,-46,-26
-93,36,-57
-14,-11,-25
-37,-96,-133
-71,-71,-142
59,9,68
-3,45,42
37,67,104
-54,-42,-96
67,-51,16
71,94,165
-32,57,25
-88,62,-26
74,-85,-11
85,56,141
32,93,125
86,-84,2
-63,76,13
-21,7,-14
51,96,147
-99,-100,-199
-24,87,63
67,21,88
61,-84,-23
-36,11,-25
98,66,164
35,-80,-45
98,-100,-2
-73,-56,-129
-82,-89,-171
3,-23,-20
-38,-28,-66
-33,17,-16
-49,37,-12
-49,59,10
-4,-98,-102
-15,27,12
96,14,110
92,52,144
63,-17,46
-44,91,47
72,-74,-2
28,-36,-8
60,-99,-39
76,50,126
33,-26,7
-76,86,10
-39,26,-13
-81,22,-59
87,43,130
14,18,32
13,76,89
63,97,160
-82,-9,-91
76,-70,6
-69,-36,-105
34,16,50
78,64,142
93,21,114
70,-14,56
-55,72,17
-55,78,23
62,-20,42
35,-29,6
-9,35,26
50,95,145
50,-3,47
93,-52,41
-61,-97,-158
-21,38,17
68,33,101
-66,50,-16
54,34,88
-42,-56,-98
-72,65,-7
-98,57,-41
55,54,109
45,7,52
-97,-17,-114
-87,39,-48
-65,77,12
25,-10,15
94,-14,80
48,37,85
-89,-15,-104
42,82,124
-70,91,21
-63,99,36
19,46,65
-60,88,28
-44,78,34
36,-10,26
65,-93,-28
28,72,100
8,84,92
-37,-62,-99
-88,2,-86
-56,-15,-71
-80,-6,-86
43,-27,16
-86,-40,-126
-87,-9,-96
-96,17,-79
-18,5,-13
7,-23,-16
0,-53,-53
-43,-82,-125
14,46,60
71,41,112
16,43,59
-50,72,22
27,99,126
18,2,20
-74,98,24
77,4,81
-47,67,20
-10,-100,-110
-63,89,26
-55,35,-20
97,91,188
-36,-2,-38
-13,16,3
-81,-77,-158
50,-9,41
-19,95,76
-99,-65,-164
-8,-40,-48
-5,41,36
-73,-34,-107
33,19,52
-82,-11,-93
53,-85,-32
36,-34,2
73,92,165
-74,27,-47
1,65,66
89,63,152
-49,66,17
76,-79,-3
-38,-27,-65
17,-25,-8
-75,22,-53
-59,94,35
-66,64,-2
100,-45,55
14,27,41
80,-99,-19
49,59,108
43,59,102
-91,42,-49
26,-41,-15
-36,-3,-39
-12,46,34
21,10,31
82,-77,5
52,86,138
3,50,53
56,-15,41
77,38,115
-71,-82,-153
-95,-6,-101
37,-37,0
98,50,148
-54,90,36
51,21,72
-38,-64,-102
-22,22,0
-32,-84,-116
-47,-36,-83
-72,-25,-97
100,-40,60
-17,-81,-98
-31,-84,-115
95,13,108
-2,88,86
97,54,151
10,-61,-51
60,31,91
-35,-29,-64
28,-7,21
9,-20,-11
50,93,143
70,-63,7
7,78,85
-88,-26,-114
-28,-43,-71
46,34,80
-87,-65,-152
-96,18,-78
66,-44,22
32,59,91
-19,32,13
-41,-84,-125
44,-24,20
71,29,100
-67,87,20
-80,-87,-167
29,-89,-60
-31,47,16
-42,-27,-69
71,-8,63
42,-30,12
4,-80,-76
59,-86,-27
-36,-82,-118
-20,-17,-37
64,72,136
96,-70,26
17,4,21
-36,-19,-55
63,49,112
-72,51,-21
-8,22,14
-49,-63,-112
-1,-40,-41
-8,-45,-53
-63,8,-55
-5,-90,-95
88,58,146
-91,-96,-187
93,-97,-4
-4,4,0
-80,4,-76
-69,37,-32
15,-95,-80
-18,5,-13
-84,-52,-136
-99,-34,-133
46,77,123
5,0,5
70,-52,18
23,12,35
-45,33,-12
-92,18,-74
25,-15,10
100,63,163
93,-62,31
-43,-83,-126
13,-6,7
-34,80,46
40,-40,0
16,-45,-29
-6,49,43
31,19,50
-49,-36,-85
13,-44,-31
-19,-14,-33
-4,17,13
48,22,70
14,26,40
-45,36,-9
24,-49,-25
-1,-12,-13
50,-38,12
0,-8,-8
-6,-19,-25
-19,-44,-63
42,-6,36
-18,-30,-48
34,3,37
26,-41,-15
-10,24,14
2,2,4
-43,19,-24
32,40,72
35,47,82
38,1,39
23,-18,5
-43,4,-39
50,-44,6
-13,29,16
-12,-49,-61
-18,34,16
5,-9,-4
12,44,56
-26,-44,-70
6,36,42
35,-50,-15
-16,-41,-57
-23,-19,-42
-43,-8,-51
44,39,83
17,-44,-27
37,26,63
19,25,44
-26,-8,-34
43,-10,33
-30,32,2
35,-6,29
-21,-33,-54
19,-29,-10
20,-23,-3
-33,-11,-44
-40,30,-10
-30,-25,-55
-15,13,-2
-1,38,37
-2,-34,-36
11,-39,-28
37,14,51
43,-36,7
-41,7,-34
23,-30,-7
50,-19,31
-23,35,12
-19,27,8
30,-2,28
14,-4,10
27,24,51
-50,25,-25
36,50,86
33,14,47
30,40,70
-16,-41,-57
32,-32,0
42,38,80
3,-45,-42
14,15,29
-37,-28,-65
40,-28,12
21,-6,15
50,45,95
-20,36,16
11,49,60
-27,12,-15
33,-33,0
-29,7,-22
-47,31,-16
25,31,56
-2,-12,-14
-25,-7,-32
-18,-32,-50
-32,-46,-78
-10,27,17
42,24,66
-44,-2,-46
-50,-26,-76
-15,9,-6
46,-16,30
-2,41,39
-25,44,19
-21,38,17
-19,38,19
40,-50,-10
24,26,50
13,-27,-14
-33,-38,-71
-50,-37,-87
38,44,82
-31,-6,-37
-46,1,-45
-7,5,-2
-25,-48,-73
-37,-36,-73
-18,0,-18
-40,-10,-50
-23,16,-7
-2,21,19
-35,-20,-55
13,29,42
6,34,40
1,21,22
8,-11,-3
35,28,63
-49,-31,-80
-41,-35,-76
-19,-15,-34
-37,-33,-70
-3,31,28
-6,44,38
-21,-14,-35
38,-30,8
20,43,63
46,-13,33
2,-39,-37
2,34,36
-34,-18,-52
-32,-15,-47
-5,1,-4
24,47,71
12,14,26
36,12,48
27,45,72
29,-17,12
43,-23,20
48,-46,2
-48,-45,-93
41,-36,5
-18,4,-14
-15,19,4
-32,8,-24
-49,-26,-75
-17,-26,-43
-10,36,26
-2,-40,-42
-43,36,-7
19,-38,-19
2,26,28
28,47,75
34,-33,1
-39,-25,-64
39,-28,11
29,-16,13
3,34,37
37,-18,19
-35,-3,-38
25,-18,7
-37,42,5
34,-36,-2
-32,41,9
-5,29,24
-30,34,4
34,-8,26
-22,-44,-66
47,12,59
19,-40,-21
38,-33,5
30,47,77
14,-10,4
-36,-25,-61
-31,-24,-55
-28,27,-1
5,31,36
-1,50,49
-31,19,-12
-27,11,-16
37,15,52
-49,-22,-71
40,40,80
-41,-4,-45
0,46,46
-12,47,35
39,-18,21
-15,-21,-36
-50,-12,-62
-37,12,-25
30,-6,24
7,33,40
-16,-48,-64
-14,43,29
-11,-9,-20
-17,-23,-40
29,-24,5
-35,9,-26
30,40,70
-12,-44,-56
4,-40,-36
21,25,46
-29,25,-4
-42,-32,-74
34,20,54
35,-43,-8
-7,-23,-30
33,14,47
3,45,48
-7,3,-4
-31,-30,-61
33,-41,-8
11,50,61
-27,-25,-52
32,-6,26
-46,45,-1
41,45,86
35,17,52
-7,-5,-12
-28,-33,-61
-35,28,-7
-36,-21,-57
50,-48,2
-1,-21,-22
-34,1,-33
16,14,30
32,-45,-13
46,-16,30
0,-30,-30
30,39,69
-22,-42,-64
-49,-31,-80
37,-48,-11
-2,5,3
27,-19,8
-3,-28,-31
33,43,76
16,-22,-6
-2,-20,-22
47,-2,45
49,8,57
-36,1,-35
-35,-26,-61
-41,16,-25
5,-37,-32
-34,21,-13
-33,-39,-72
39,25,64
20,-18,2
28,4,32
4,-18,-14
-21,-27,-48
-46,31,-15
0,4,4
-7,-36,-43
-5,-19,-24
-32,-3,-35
31,-11,20
-6,14,8
-38,-24,-62
-18,35,17
-14,-7,-21
8,37,45
-31,-17,-48
33,-9,24
30,39,69
-18,-7,-25
-42,33,-9
-10,-38,-48
-4,-33,-37
12,43,55
-19,7,-12
-19,-27,-46
15,41,56
8,44,52
-49,-37,-86
24,1,25
-1,-42,-43
30,44,74
20,9,29
26,43,69
-1,40,39
-22,2,-20
-30,11,-19
15,-24,-9
39,-7,32
-39,-45,-84
6,-30,-24
-21,50,29
-1,23,22
-32,32,0
7,19,26
-45,35,-10
25,-46,-21
39,-17,22
-2,38,36
11,7,18
-45,-43,-88
-10,3,-7
-30,-45,-75
27,-3,24
36,-45,-9
-25,11,-14
-29,37,8
37,23,60
18,-19,-1
-5,23,18
-18,7,-11
50,5,55
-31,-1,-32
-49,-46,-95
22,-4,18
-7,-38,-45
39,32,71
-2,14,12
-11,-47,-58
10,-31,-21
-36,9,-27
-10,0,-10
-49,26,-23
2,-35,-33
43,-42,1
-27,-40,-67
-29,-24,-53
-1,-44,-45
-16,-43,-59
28,21,49
-21,-16,-37
-36,-34,-70
33,44,77
10,-24,-14
-17,-16,-33
36,25,61
-25,33,8
41,-35,6
-10,-5,-15
17,-49,-32
34,-38,-4
4,18,22
49,-21,28
-32,44,12
1,-12,-11
-41,26,-15
9,28,37
42,38,80
-43,17,-26
2,10,12
18,-14,4
-20,48,28
-35,-42,-77
-23,48,25
13,42,55
33,46,79
-23,1,-22
-45,26,-19
-35,-37,-72
3,35,38
16,23,39
-47,17,-30
-19,-50,-69
-29,27,-2
35,-49,-14
-15,1,-14
26,22,48
18,32,50
-13,-37,-50
-38,-41,-79
31,37,68
50,40,90
8,2,10
42,-26,16
-11,19,8
-29,10,-19
-3,44,41
42,-50,-8
14,-37,-23
-46,-22,-68
14,36,50
17,-38,-21
-2,5,3
18,19,37
11,34,45
-27,-13,-40
-41,-17,-58
16,11,27
45,20,65
41,-33,8
-40,-32,-72
10,-20,-10
4,2,6
48,-1,47
-5,20,15
-47,-35,-82
-19,-38,-57
-14,31,17
10,22,32
18,39,57
-48,-30,-78
3,5,8
-31,-34,-65
-4,-23,-27
50,21,71
30,-37,-7
39,-26,13
5,29,34
7,22,29
-4,-37,-41
37,13,50
11,-5,6
-9,7,-2
-34,-30,-64
26,11,37
6,-43,-37
-50,0,-50
-37,-34,-71
25,-37,-12
-39,46,7
-30,9,-21
16,-47,-31
-5,21,16
50,32,82
10,-4,6
30,42,72
23,15,38
24,-50,-26
-9,-47,-56
8,-36,-28
-13,-3,-16
-35,-2,-37
-42,-3,-45
-18,22,4
-27,-35,-62
-3,43,40
-14,9,-5
29,-3,26
19,39,58
-20,46,26
-29,-37,-66
38,19,57
1,-35,-34
2,-37,-35
-17,7,-10
-15,-30,-45
-7,39,32
-21,5,-16
30,-1,29
-48,-34,-82
-48,-41,-89
24,20,44
-37,-43,-80
-1,-11,-12
-17,49,32
25,23,48
-4,-18,-22
-31,-45,-76
-20,29,9
22,15,37
-9,-19,-28
24,40,64
-20,49,29
44,-13,31
33,30,63
-43,16,-27
36,0,36
-2,3,1
32,10,42
36,-9,27
18,-42,-24
26,42,68
15,-40,-25
12,29,41
-45,13,-32
30,14,44
-24,-42,-66
45,9,54
28,-43,-15
40,-46,-6
23,-18,5
-29,26,-3
25,29,54
-15,-46,-61
-42,44,2
32,4,36
-6,17,11
12,-12,0
27,44,71
37,-7,30
-22,-19,-41
15,-7,8
27,-10,17
-23,41,18
-42,-35,-77
15,-35,-20
-14,29,15
11,31,42
-40,0,-40
-46,-38,-84
-14,10,-4
-18,-41,-59
4,38,42
-9,33,24
2,-41,-39
-36,17,-19
9,31,40
-48,-31,-79
-19,-16,-35
-28,-22,-50
49,35,84
-10,24,14
25,22,47
14,40,54
40,-39,1
-1,-1,-2
36,-8,28
15,44,59
-18,-34,-52
-21,15,-6
-27,40,13
-48,-10,-58
-9,47,38
41,40,81
-16,-28,-44
26,-29,-3
40,42,82
32,-1,31
23,43,66
35,-31,4
-18,-49,-67
-34,47,13
-32,-41,-73
6,-1,5
3,-16,-13
17,13,30
-40,6,-34
-47,13,-34
45,49,94
15,-14,1
29,-13,16
14,-10,4
11,-49,-38
31,11,42
-29,46,17
16,7,23
1,2,3
2,-34,-32
34,50,84
-6,-3,-9
-48,37,-11
42,-7,35
25,-11,14
-28,-35,-63
-23,-16,-39
-38,43,5
0,-3,-3
19,29,48
-10,-5,-15
-10,-35,-45
-23,9,-14
-5,2,-3
-50,-31,-81
-47,-34,-81
-48,-3,-51
-48,28,-20
18,46,64
0,-4,-4
22,15,37
-12,16,4
-11,44,33
-33,-16,-49
18,-22,-4
5,-37,-32
12,-17,-5
-34,-34,-68
-39,-17,-56
12,-9,3
-41,23,-18
-28,50,22
7,35,42
12,-46,-34
-4,41,37
-20,23,3
-13,14,1
-14,-28,-42
-50,-11,-61
36,-11,25
29,-5,24
-44,48,4
-43,-50,-93
-24,-38,-62
-46,4,-42
-20,-20,-40
34,-26,8
-34,34,0
-25,33,8
-21,40,19
44,-3,41
-42,-27,-69
-45,-39,-84
-6,44,38
0,-11,-11
-28,-2,-30
-36,-35,-71
-6,-48,-54
-47,-35,-82
-19,48,29
48,-23,25
-35,-3,-38
30,-24,6
4,-24,-20
15,-10,5
16,-14,2
-49,14,-35
-7,11,4
-21,22,1
17,13,30
46,46,92
45,-13,32
-14,-30,-44
-15,-15,-30
19,-13,6
-46,-12,-58
40,-11,29
-47,36,-11
9,33,42
30,-26,4
-4,11,7
30,16,46
45,-18,27
33,-42,-9
-22,-5,-27
10,-12,-2
4,-39,-35
-2,-32,-34
15,0,15
-21,-3,-24
32,24,56
10,-34,-24
22,18,40
-40,-37,-77
-42,-37,-79
-10,36,26
32,49,81
1,30,31
28,-33,-5
-24,-5,-29
43,-11,32
17,-45,-28
-31,-19,-50
37,-31,6
22,-29,-7
-31,43,12
1,45,46
-10,24,14
-17,-4,-21
-47,-22,-69
47,-3,44
-43,-18,-61
26,35,61
-9,36,27
14,43,57
46,-43,3
-47,-8,-55
-9,17,8
-36,8,-28
-17,-15,-32
-48,48,0
10,21,31
20,39,59
27,-23,4
3,11,14
-12,-21,-33
3,-35,-32
18,25,43
-33,-50,-83
-21,-5,-26
24,29,53
-5,48,43
13,35,48
-43,-12,-55
36,-37,-1
-2,-30,-32
35,-4,31
-5,-19,-24
42,-8,34
-43,-4,-47
4,28,32
-6,34,28
-48,-44,-92
-2,-19,-21
28,-26,2
-9,17,8
15,4,19
-22,-26,-48
21,-25,-4
49,47,96
16,-31,-15
25,-11,14
-29,-12,-41
-50,14,-36
25,-32,-7
-25,-35,-60
-3,-7,-10
4,-41,-37
-43,-11,-54
-49,19,-30
0,-14,-14
-9,15,6
-8,12,4
-24,-17,-41
-16,-21,-37
-36,47,11
-22,23,1
23,33,56
31,-46,-15
-18,-32,-50
1,-31,-30
14,-18,-4
-39,25,-14
19,31,50
8,42,50
4,23,27
1,14,15
-11,19,8
-37,-44,-81
25,-48,-23
-12,27,15
35,9,44
-4,-3,-7
16,42,58
-42,38,-4
2,-30,-28
8,28,36
4,-32,-28
-14,8,-6
-47,-1,-48
-14,-23,-37
31,11,42
-21,19,-2
-35,-34,-69
10,-16,-6
-24,48,24
49,42,91
-24,26,2
-37,-14,-51
-38,7,-31
50,-45,5
-25,-12,-37
-7,5,-2
39,-44,-5
37,-40,-3
-29,-50,-79
34,-29,5
-45,9,-36
-37,29,-8
25,39,64
-9,-39,-48
-9,26,17
-16,46,30
-44,-40,-84
44,46,90
-4,-40,-44
37,37,74
-50,1,-49
5,-13,-8
39,-12,27
-4,26,22
-15,-3,-18
41,17,58
-16,-11,-27
-33,-38,-71
39,-4,35
0,19,19
-4,-12,-16
30,27,57
-21,36,15
-1,27,26
23,-12,11
-14,-17,-31
46,-42,4
50,-22,28
31,39,70
-10,1,-9
-45,-15,-60
-27,-31,-58
-40,-48,-88
-20,-49,-69
8,-40,-32
34,-14,20
-24,45,21
-35,-41,-76
25,13,38
-10,24,14
7,35,42
-10,-35,-45
43,14,57
-47,12,-35
0,-11,-11
16,-22,-6
-1,42,41
42,-45,-3
3,30,33
-6,-14,-20
-28,-1,-29
-38,7,-31
13,-8,5
-23,12,-11
-2,26,24
39,32,71
-26,-43,-69
-20,40,20
-18,-17,-35
18,36,54
24,-41,-17
2,43,45
-22,-28,-50
-5,-28,-33
4,-20,-16
-28,39,11
-13,-13,-26
31,-40,-9
-13,1,-12
-27,-32,-59
37,-23,14
43,-12,31
48,-7,41
46,39,85
37,-50,-13
-18,34,16
42,13,55
42,-22,20
34,29,63
18,48,66
-7,33,26
-37,-40,-77
17,-7,10
20,1,21
-34,-44,-78
-7,-30,-37
-30,-38,-68
-30,-30,-60
-22,-5,-27
-13,-1,-14
-28,-40,-68
-16,4,-12
-27,-32,-59
-47,-50,-97
-9,-23,-32
-16,-29,-45
-31,48,17
-4,-46,-50
27,-13,14
-50,-10,-60
-48,-7,-55
20,30,50
24,-23,1
36,-44,-8
22,2,24
-45,-16,-61
26,2,28
-17,39,22
-45,-50,-95
23,47,70
-32,45,13
49,30,79
26,-30,-4
37,-2,35
-37,21,-16
2,2,4
-20,41,21
-49,12,-37
44,-1,43
-10,28,18
43,-27,16
-15,-36,-51
-26,3,-23
-15,-24,-39
-13,-21,-34
-24,-30,-54
17,-38,-21
-34,-35,-69
-37,5,-32
1,5,6
36,-9,27
48,-41,7
14,15,29
-5,23,18
-50,45,-5
-8,-42,-50
18,-10,8
5,27,32
-4,12,8
-25,-4,-29
37,-6,31
3,-34,-31
50,26,76
48,-29,19
41,1,42
-22,31,9
-28,-29,-57
-27,49,22
-24,-22,-46
48,-9,39
-16,19,3
43,-15,28
0,14,14
8,13,21
-30,-28,-58
-5,2,-3
20,47,67
48,-5,43
5,31,36
-18,-35,-53
-26,8,-18
-20,-23,-43
23,25,48
-16,38,22
-2,-11,-13
-28,-24,-52
-27,-2,-29
-15,1,-14
-5,36,31
-12,14,2
25,-42,-17
7,-22,-15
-19,19,0
37,-4,33
11,-24,-13
10,24,34
-26,7,-19
-15,-17,-32
39,11,50
-7,-13,-20
20,46,66
37,-14,23
-18,23,5
19,32,51
-40,39,-1
26,10,36
31,28,59
-47,-33,-80
29,43,72
43,-15,28
41,42,83
-44,17,-27
38,-13,25
30,38,68
21,-17,4
42,16,58
11,36,47
18,-28,-10
-6,15,9
17,-33,-16
-46,-50,-96
18,-13,5
25,-3,22
23,41,64
-10,15,5
-49,8,-41
-19,44,25
-49,-35,-84
1,-1,0
-29,-9,-38
26,-39,-13
9,-31,-22
-4,35,31
-50,-27,-77
45,-30,15
49,24,73
41,33,74
-36,9,-27
-46,37,-9
12,17,29
8,0,8
34,46,80
-16,30,14
1,15,16
43,17,60
4,24,28
-20,42,22
-29,31,2
-3,6,3
16,-28,-12
-43,-47,-90
-18,-1,-19
-35,-39,-74
-19,-4,-23
-8,40,32
-19,-5,-24
38,-3,35
48,49,97
-7,5,-2
-25,32,7
-43,24,-19
-40,-46,-86
-5,41,36
-3,10,7
