Value1,Value2,Result
-145,822,-967
902,-988,1890
-392,111,-503
464,389,75
882,-700,1582
-726,810,-1536
-982,799,-1781
568,789,-221
-799,724,-1523
680,-635,1315
-612,-172,-440
689,-356,1045
-564,-19,-545
-339,-473,134
164,706,-542
429,-825,1254
827,3,824
-460,688,-1148
56,-411,467
-160,-443,283
765,342,423
-926,503,-1429
823,442,381
355,606,-251
-16,98,-114
-35,999,-1034
606,-241,847
572,-733,1305
493,153,340
919,778,141
462,-207,669
-615,-813,198
838,-326,1164
-875,-992,117
858,678,180
144,568,-424
250,-687,937
-382,719,-1101
-938,637,-1575
731,-487,1218
-664,-586,-78
-804,207,-1011
948,-855,1803
-70,421,-491
33,817,-784
-111,-336,225
-282,-785,503
-157,74,-231
-10,-159,149
282,695,-413
-801,356,-1157
798,-15,813
245,-330,575
-871,-666,-205
-440,-571,131
490,-300,790
-316,-330,14
694,-724,1418
750,523,227
191,-482,673
-956,709,-1665
793,612,181
530,223,307
-709,-914,205
184,-740,924
-622,690,-1312
-231,-958,727
-737,-376,-361
-639,40,-679
508,-905,1413
949,-316,1265
-70,123,-193
607,-936,1543
-581,110,-691
-833,-526,-307
-324,241,-565
-926,457,-1383
-113,961,-1074
280,-317,597
363,19,344
-613,-297,-316
1000,383,617
-999,-455,-544
292,317,-25
416,-862,1278
50,556,-506
-595,524,-1119
974,612,362
-21,100,-121
-255,692,-947
-725,746,-1471
547,-392,939
504,-277,781
187,-350,537
-596,696,-1292
-246,498,-744
-542,-165,-377
555,378,177
900,798,102
-10,-106,96
193,172,21
925,664,261
-690,-606,-84
865,334,531
393,997,-604
-288,847,-1135
-421,-231,-190
878,-428,1306
628,595,33
758,-964,1722
-917,929,-1846
-163,-823,660
-527,-868,341
-880,-204,-676
-561,-847,286
-526,-376,-150
-907,474,-1381
474,615,-141
-366,-179,-187
-48,468,-516
253,-34,287
579,-469,1048
-695,-543,-152
-562,-650,88
586,-303,889
335,646,-311
932,304,628
850,-839,1689
58,-363,421
116,971,-855
5,764,-759
-627,209,-836
43,-15,58
-296,-833,537
152,897,-745
-572,-778,206
-425,-653,228
-860,-937,77
659,-941,1600
37,-450,487
-244,711,-955
574,725,-151
-976,543,-1519
578,277,301
-394,-822,428
208,919,-711
-79,-578,499
-527,537,-1064
288,-512,800
-549,-82,-467
-347,-424,77
66,584,-518
214,811,-597
718,332,386
221,-320,541
-610,-156,-454
-114,-477,363
936,558,378
-447,-27,-420
-530,-403,-127
-806,-814,8
352,499,-147
38,76,-38
554,418,136
999,-473,1472
181,224,-43
773,-201,974
210,-569,779
187,460,-273
976,-658,1634
338,435,-97
-775,823,-1598
35,92,-57
262,-522,784
-393,-527,134
-835,4,-839
-498,-190,-308
-330,670,-1000
518,867,-349
767,-783,1550
-615,663,-1278
671,492,179
201,-835,1036
-522,-558,36
496,-600,1096
-827,252,-1079
596,-916,1512
-639,150,-789
-811,469,-1280
629,-771,1400
-991,-891,-100
317,675,-358
667,-105,772
-325,-821,496
607,-921,1528
-225,788,-1013
930,-716,1646
546,-959,1505
869,196,673
-348,917,-1265
-349,-628,279
13,192,-179
-586,592,-1178
864,416,448
544,-462,1006
761,-99,860
-398,169,-567
-780,-521,-259
406,212,194
-916,-23,-893
-612,-33,-579
270,-341,611
-330,961,-1291
115,6,109
757,701,56
478,382,96
392,391,1
-30,-195,165
-717,-580,-137
-105,845,-950
-107,20,-127
-624,-687,63
-541,-447,-94
764,-117,881
647,303,344
141,-430,571
791,-379,1170
-821,101,-922
-920,867,-1787
110,524,-414
327,248,79
-116,-151,35
10,-296,306
64,268,-204
487,-203,690
-369,840,-1209
955,-729,1684
31,-416,447
333,-240,573
-508,672,-1180
999,977,22
468,491,-23
825,-971,1796
812,498,314
111,366,-255
748,-12,760
-264,71,-335
-951,136,-1087
-498,-719,221
-362,587,-949
-611,74,-685
-557,-512,-45
-719,-215,-504
869,-463,1332
788,760,28
-339,-4,-335
-923,-767,-156
635,585,50
813,661,152
823,-444,1267
-154,481,-635
512,541,-29
-105,-630,525
703,-388,1091
132,-79,211
412,499,-87
90,-430,520
-826,340,-1166
753,-560,1313
655,-912,1567
-801,-117,-684
-471,-809,338
-720,248,-968
-182,-311,129
-684,-352,-332
-898,-606,-292
-670,336,-1006
344,678,-334
-891,-501,-390
875,-965,1840
-320,657,-977
249,-503,752
-874,623,-1497
-398,-105,-293
-631,-497,-134
352,120,232
23,-62,85
-291,-861,570
-126,105,-231
-272,-965,693
-579,-425,-154
431,21,410
-285,474,-759
-433,-247,-186
-915,-99,-816
-608,200,-808
700,-214,914
892,-584,1476
147,-131,278
-119,393,-512
-627,-170,-457
452,-426,878
185,707,-522
-21,232,-253
664,-120,784
297,796,-499
-718,-169,-549
-632,-91,-541
181,-34,215
815,876,-61
-701,-694,-7
871,-182,1053
-495,-953,458
460,-69,529
11,567,-556
367,-857,1224
367,171,196
602,120,482
387,-682,1069
786,-826,1612
-671,-119,-552
-6,-498,492
686,-671,1357
231,348,-117
-111,701,-812
225,975,-750
-858,832,-1690
-784,-610,-174
984,-704,1688
-144,759,-903
-550,-37,-513
737,-12,749
-556,626,-1182
-568,267,-835
126,554,-428
-314,-214,-100
-369,807,-1176
-433,163,-596
-836,831,-1667
-751,-561,-190
-162,-214,52
193,506,-313
632,-732,1364
319,740,-421
202,-51,253
-570,686,-1256
-903,-402,-501
-856,-650,-206
-92,128,-220
752,-794,1546
-899,314,-1213
161,512,-351
477,281,196
-719,-840,121
-585,846,-1431
459,583,-124
825,-51,876
855,537,318
932,-526,1458
493,-567,1060
-27,-171,144
-65,380,-445
313,882,-569
385,279,106
-85,-84,-1
204,912,-708
-811,-885,74
304,514,-210
-999,612,-1611
-326,557,-883
342,410,-68
465,-105,570
-940,819,-1759
911,195,716
445,-373,818
225,-47,272
804,690,114
-695,834,-1529
-879,-304,-575
-51,682,-733
-213,-677,464
667,577,90
-211,-888,677
-479,-152,-327
-627,-700,73
-451,517,-968
-230,628,-858
-652,-50,-602
-480,595,-1075
-889,884,-1773
-294,-81,-213
-378,-160,-218
-231,-688,457
-291,-433,142
-54,-762,708
929,856,73
792,-739,1531
-366,929,-1295
-896,-844,-52
-139,932,-1071
212,894,-682
-91,-183,92
353,750,-397
336,912,-576
887,-426,1313
-142,-797,655
-873,-867,-6
-399,775,-1174
-347,395,-742
-535,-740,205
-338,-389,51
-163,-363,200
-594,-486,-108
652,760,-108
-5,-277,272
-294,24,-318
190,-801,991
753,-670,1423
-393,-901,508
-183,916,-1099
-17,943,-960
-38,-136,98
-298,262,-560
205,-84,289
223,-49,272
-48,-288,240
845,-216,1061
-57,913,-970
-251,388,-639
248,-425,673
617,762,-145
225,989,-764
524,961,-437
-138,929,-1067
242,-807,1049
25,164,-139
-902,-949,47
-344,-460,116
-521,-24,-497
965,-983,1948
170,-212,382
823,54,769
-4,-298,294
-851,-637,-214
-224,54,-278
227,-349,576
-593,-98,-495
-862,251,-1113
-698,378,-1076
-943,456,-1399
349,173,176
-977,240,-1217
838,-940,1778
164,-240,404
-239,-933,694
654,-527,1181
-94,-249,155
-229,978,-1207
216,-332,548
833,-234,1067
232,-163,395
113,295,-182
-663,411,-1074
936,-82,1018
994,293,701
169,902,-733
-632,175,-807
806,599,207
-89,-83,-6
323,-96,419
-42,-969,927
982,-491,1473
970,-156,1126
-378,-841,463
-947,-95,-852
421,876,-455
-232,-452,220
878,-513,1391
-390,-758,368
127,-217,344
-648,76,-724
-844,6,-850
207,-588,795
262,635,-373
231,409,-178
-386,-635,249
443,241,202
-492,-376,-116
-115,-805,690
535,374,161
-712,988,-1700
978,-775,1753
22,-611,633
139,-546,685
-196,593,-789
-433,303,-736
701,647,54
-10,824,-834
804,699,105
418,847,-429
363,-716,1079
365,866,-501
899,552,347
502,569,-67
734,-478,1212
468,-231,699
-423,659,-1082
-345,-124,-221
-654,-404,-250
131,-84,215
-188,502,-690
-16,-866,850
182,-276,458
-166,-874,708
965,156,809
-348,881,-1229
-482,-381,-101
880,38,842
17,993,-976
-942,-735,-207
481,-286,767
529,68,461
91,120,-29
-132,-223,91
-687,-741,54
-801,436,-1237
663,-519,1182
375,83,292
-604,914,-1518
-780,697,-1477
-674,159,-833
-913,24,-937
783,-350,1133
959,374,585
984,262,722
963,-895,1858
968,811,157
-283,566,-849
874,874,0
228,240,-12
-690,835,-1525
669,-270,939
989,230,759
382,-994,1376
934,-516,1450
-239,925,-1164
-847,900,-1747
-512,877,-1389
230,-881,1111
-119,-991,872
924,-573,1497
-853,-110,-743
756,921,-165
871,-5,876
139,-160,299
-863,13,-876
-99,870,-969
867,-579,1446
-877,-854,-23
432,894,-462
-868,-46,-822
605,-570,1175
-934,919,-1853
728,-716,1444
-943,863,-1806
-322,663,-985
-426,609,-1035
867,859,8
-651,-299,-352
208,757,-549
-540,34,-574
4,-632,636
266,-253,519
-81,-841,760
-544,301,-845
595,-768,1363
-719,502,-1221
-187,-761,574
-524,876,-1400
-30,-226,196
-718,-419,-299
-774,640,-1414
-4,-195,191
7,-921,928
-507,-816,309
404,279,125
-716,519,-1235
649,-933,1582
-388,653,-1041
-46,-42,-4
-279,-520,241
-887,476,-1363
-237,533,-770
-28,-972,944
143,191,-48
-574,-369,-205
-856,484,-1340
582,466,116
-733,464,-1197
-449,538,-987
-28,300,-328
-211,416,-627
-668,-119,-549
-881,-420,-461
-842,-180,-662
-560,-843,283
-191,968,-1159
-851,847,-1698
-379,-159,-220
-423,-25,-398
900,-823,1723
473,950,-477
-783,17,-800
-178,117,-295
-52,-675,623
-678,-575,-103
-524,-73,-451
603,-825,1428
-172,-379,207
665,855,-190
-431,-367,-64
79,-64,143
-247,864,-1111
514,299,215
-679,389,-1068
-684,-252,-432
-82,821,-903
373,872,-499
-995,539,-1534
-113,-8,-105
-683,734,-1417
-178,-623,445
161,-949,1110
559,142,417
-369,862,-1231
155,384,-229
169,-735,904
623,-29,652
-568,-220,-348
-47,-213,166
974,350,624
-881,319,-1200
417,-558,975
-752,-381,-371
647,153,494
-812,491,-1303
-24,559,-583
961,605,356
419,-232,651
-589,150,-739
721,832,-111
53,544,-491
835,-535,1370
-721,-413,-308
-798,91,-889
739,488,251
-643,-740,97
-515,-838,323
-894,-379,-515
-622,803,-1425
-753,412,-1165
518,-250,768
-935,309,-1244
-334,505,-839
33,-215,248
401,-13,414
244,-129,373
349,430,-81
754,-82,836
-142,390,-532
-972,538,-1510
608,-436,1044
874,771,103
-913,-173,-740
736,269,467
201,-26,227
-632,602,-1234
886,-862,1748
107,-604,711
638,845,-207
819,577,242
-470,597,-1067
461,-756,1217
-649,-432,-217
-788,-353,-435
-731,-276,-455
457,697,-240
749,304,445
-773,66,-839
-389,-342,-47
-897,-853,-44
-938,-875,-63
-556,546,-1102
492,-395,887
434,-713,1147
129,141,-12
564,785,-221
618,-472,1090
2,-998,1000
843,-32,875
-785,222,-1007
-960,914,-1874
-117,715,-832
-407,33,-440
773,312,461
180,-223,403
-218,-825,607
921,-186,1107
-673,406,-1079
569,313,256
-966,-865,-101
-16,63,-79
557,487,70
-611,-802,191
732,45,687
-905,-844,-61
-558,323,-881
-576,32,-608
-278,863,-1141
912,534,378
967,-486,1453
-746,95,-841
123,36,87
-63,615,-678
91,761,-670
255,978,-723
426,-114,540
786,197,589
697,-473,1170
-140,-599,459
-854,718,-1572
190,-310,500
315,983,-668
-445,-678,233
93,-636,729
-584,576,-1160
602,-857,1459
-904,823,-1727
262,-66,328
358,60,298
223,275,-52
710,-360,1070
974,-665,1639
-851,-808,-43
-877,-343,-534
-650,813,-1463
-764,-579,-185
714,436,278
683,888,-205
-829,916,-1745
-836,138,-974
575,-636,1211
-972,-943,-29
-7,443,-450
99,182,-83
-343,-403,60
401,212,189
-478,766,-1244
-532,720,-1252
-189,19,-208
-904,-963,59
14,-924,938
-995,-269,-726
-689,-361,-328
569,396,173
666,168,498
-720,-885,165
873,-903,1776
-802,351,-1153
582,-730,1312
-990,571,-1561
-753,-405,-348
166,497,-331
190,-180,370
-623,118,-741
-219,154,-373
689,-344,1033
-392,194,-586
-470,-186,-284
-268,-302,34
398,-964,1362
316,856,-540
-239,-679,440
-763,96,-859
433,-39,472
81,133,-52
502,927,-425
363,-286,649
730,126,604
-142,111,-253
581,70,511
987,146,841
-63,-582,519
-794,-213,-581
-746,-742,-4
-209,-905,696
-475,188,-663
59,859,-800
702,-547,1249
289,323,-34
660,800,-140
-478,446,-924
-952,842,-1794
162,-24,186
906,-83,989
179,-900,1079
566,-586,1152
-660,-439,-221
569,-96,665
403,348,55
-590,-290,-300
-672,-729,57
513,-645,1158
186,295,-109
763,856,-93
-112,-43,-69
793,491,302
-692,271,-963
847,-129,976
676,-483,1159
193,102,91
642,-838,1480
-531,-44,-487
-508,240,-748
-243,542,-785
334,43,291
-99,916,-1015
-739,-302,-437
207,313,-106
104,-348,452
-599,996,-1595
82,-836,918
408,-341,749
-844,-144,-700
-89,-653,564
-228,458,-686
633,290,343
889,316,573
741,76,665
968,-340,1308
352,-243,595
573,102,471
374,-373,747
-554,95,-649
661,-124,785
-162,-381,219
231,922,-691
-824,-335,-489
-616,375,-991
-667,1,-668
587,304,283
990,662,328
10,-175,185
-501,-36,-465
9,711,-702
-823,399,-1222
-825,343,-1168
970,-273,1243
-780,798,-1578
-903,366,-1269
808,-235,1043
461,-155,616
-279,111,-390
20,-618,638
-794,353,-1147
278,183,95
815,-870,1685
618,-106,724
-115,234,-349
-611,761,-1372
-805,-147,-658
-450,768,-1218
-799,-662,-137
496,568,-72
-853,-442,-411
907,487,420
-529,-364,-165
613,-251,864
485,470,15
121,998,-877
358,488,-130
43,-798,841
-394,318,-712
72,-248,320
865,297,568
523,-791,1314
326,-520,846
5,174,-169
421,-531,952
-218,600,-818
376,-413,789
-339,418,-757
-384,356,-740
871,594,277
-556,-436,-120
745,329,416
-976,-550,-426
-522,117,-639
731,-184,915
978,-495,1473
-527,174,-701
-279,387,-666
244,-53,297
274,140,134
459,-676,1135
942,-676,1618
26,611,-585
-187,-270,83
-449,372,-821
731,-54,785
706,598,108
703,398,305
74,806,-732
762,810,-48
658,46,612
-141,772,-913
-941,-877,-64
50,230,-180
-362,-66,-296
199,861,-662
494,249,245
-441,-138,-303
-976,882,-1858
-408,501,-909
-173,782,-955
-240,346,-586
-146,-1,-145
-753,45,-798
190,564,-374
492,638,-146
742,-260,1002
-957,-28,-929
-74,-561,487
-180,633,-813
-310,990,-1300
-794,-553,-241
332,-324,656
405,662,-257
437,-636,1073
483,100,383
-173,-240,67
-900,944,-1844
304,-95,399
322,-406,728
-142,-634,492
-101,-85,-16
35,-73,108
-596,-785,189
25,-540,565
213,-741,954
178,544,-366
-853,-240,-613
-637,-443,-194
-525,741,-1266
-278,90,-368
-757,-553,-204
489,821,-332
733,-406,1139
218,-465,683
-245,-444,199
731,-78,809
-218,-427,209
-845,-210,-635
-421,-645,224
-198,-331,133
-100,136,-236
503,557,-54
171,926,-755
979,-772,1751
-9,-322,313
-72,-467,395
-230,130,-360
331,-789,1120
-235,425,-660
869,-495,1364
-664,-948,284
-332,-818,486
-45,227,-272
329,364,-35
56,26,30
-693,820,-1513
321,-57,378
-350,-6,-344
351,743,-392
448,-706,1154
207,934,-727
-914,979,-1893
-135,-608,473
-655,-424,-231
-403,526,-929
-162,-336,174
782,-556,1338
-673,-408,-265
426,854,-428
677,-465,1142
-133,-370,237
481,319,162
-827,-220,-607
108,822,-714
202,-335,537
430,357,73
-40,-312,272
179,280,-101
-160,162,-322
-52,72,-124
83,-7,90
-474,-266,-208
-111,343,-454
-314,-241,-73
-102,-293,191
357,443,-86
-114,-295,181
80,-18,98
-291,403,-694
-227,-188,-39
-345,-417,72
397,63,334
-28,-190,162
-368,-181,-187
409,14,395
-423,-338,-85
256,309,-53
164,-454,618
-483,-82,-401
-304,419,-723
46,302,-256
195,352,-157
-415,25,-440
-141,-4,-137
-336,97,-433
228,349,-121
53,237,-184
164,159,5
-181,-104,-77
485,366,119
41,-335,376
313,347,-34
370,53,317
-471,325,-796
339,-360,699
-417,-370,-47
136,275,-139
-235,138,-373
217,-106,323
-325,-216,-109
-198,-273,75
461,-248,709
72,-31,103
-179,-332,153
-115,204,-319
-66,321,-387
-58,409,-467
141,-382,523
164,424,-260
-6,-331,325
-160,7,-167
167,-467,634
203,-267,470
-295,-288,-7
101,-393,494
324,104,220
-344,-285,-59
-410,480,-890
442,-376,818
-257,-487,230
61,13,48
363,-80,443
-393,252,-645
155,-348,503
495,-94,589
238,331,-93
165,257,-92
315,-431,746
175,358,-183
-42,173,-215
9,495,-486
62,323,-261
52,-302,354
106,42,64
-489,-35,-454
110,280,-170
-72,-244,172
-496,-404,-92
-227,95,-322
-403,-440,37
267,426,-159
296,232,64
-145,378,-523
182,436,-254
67,266,-199
367,211,156
182,-350,532
160,-223,383
197,162,35
-399,-293,-106
396,-162,558
354,-190,544
414,-310,724
-79,452,-531
-312,196,-508
149,474,-325
414,-415,829
-374,-194,-180
-404,-491,87
374,122,252
-98,-391,293
234,426,-192
311,229,82
-304,-443,139
87,-193,280
304,-250,554
-498,-146,-352
487,134,353
405,178,227
448,-447,895
-6,-13,7
465,298,167
11,153,-142
480,447,33
-108,482,-590
435,-220,655
-100,-439,339
-392,178,-570
-478,109,-587
-289,410,-699
-482,-253,-229
398,-242,640
336,-455,791
-26,-13,-13
-214,-477,263
-450,-248,-202
435,465,-30
-160,-254,94
-358,-62,-296
-468,-251,-217
451,-243,694
377,60,317
457,7,450
-429,455,-884
54,336,-282
-154,-250,96
265,401,-136
184,-491,675
-62,-363,301
-15,-40,25
-496,-457,-39
469,-156,625
-142,264,-406
5,-388,393
410,159,251
-350,327,-677
-179,83,-262
-492,260,-752
259,-482,741
95,489,-394
-417,160,-577
-9,44,-53
138,-186,324
120,248,-128
431,406,25
-439,-254,-185
-83,124,-207
155,293,-138
1,-422,423
-141,-134,-7
256,305,-49
-95,-113,18
291,98,193
-286,159,-445
226,308,-82
64,338,-274
-349,397,-746
-170,133,-303
-188,136,-324
498,207,291
252,-469,721
-41,270,-311
375,263,112
-340,52,-392
493,-293,786
298,-108,406
221,330,-109
285,21,264
394,450,-56
265,-250,515
360,-176,536
442,403,39
432,-391,823
-448,-155,-293
498,328,170
-116,373,-489
-384,-267,-117
451,392,59
166,-187,353
415,290,125
-409,-497,88
455,262,193
-70,-310,240
130,103,27
-313,-193,-120
-173,209,-382
450,-344,794
-33,442,-475
-479,-365,-114
256,226,30
208,-357,565
240,-475,715
-47,-224,177
204,99,105
341,-103,444
-62,124,-186
45,98,-53
115,156,-41
-428,-481,53
214,-453,667
-76,-347,271
484,84,400
485,66,419
-47,-64,17
420,-18,438
-403,383,-786
-437,449,-886
-177,182,-359
-445,-294,-151
339,-483,822
-269,110,-379
194,-239,433
455,481,-26
-322,127,-449
197,213,-16
459,196,263
-420,153,-573
-21,495,-516
-75,290,-365
165,-188,353
-58,236,-294
-413,437,-850
367,-212,579
-456,249,-705
-70,204,-274
-263,-327,64
480,-232,712
-381,-465,84
-300,250,-550
-95,-464,369
242,-250,492
-176,34,-210
-153,110,-263
-477,-322,-155
-15,-23,8
-44,-137,93
-87,-126,39
-363,498,-861
335,17,318
255,-134,389
471,52,419
274,-312,586
306,-425,731
342,-294,636
-397,-364,-33
-166,111,-277
245,171,74
226,479,-253
-420,112,-532
388,337,51
387,299,88
220,-93,313
-429,-24,-405
-304,134,-438
382,-15,397
157,-14,171
-431,-176,-255
458,211,247
242,-277,519
7,-166,173
-4,-194,190
383,-210,593
286,-282,568
393,-135,528
338,266,72
-310,321,-631
-231,-320,89
-30,-152,122
-348,127,-475
-188,42,-230
267,-367,634
-157,-118,-39
298,-185,483
234,101,133
104,13,91
-423,497,-920
379,-374,753
-267,-373,106
194,-445,639
265,-141,406
-450,-339,-111
20,439,-419
418,201,217
109,494,-385
309,-62,371
-157,-92,-65
134,-456,590
-331,460,-791
464,-114,578
207,-239,446
254,54,200
-360,177,-537
398,88,310
-179,387,-566
64,-129,193
-142,285,-427
487,88,399
375,93,282
128,-39,167
-262,186,-448
-303,283,-586
48,-393,441
-448,-227,-221
481,140,341
398,32,366
-438,285,-723
-315,35,-350
101,310,-209
-97,128,-225
207,294,-87
-456,378,-834
-304,52,-356
-219,-26,-193
1,-157,158
147,306,-159
-8,398,-406
61,-361,422
43,-236,279
6,-74,80
176,-431,607
-70,316,-386
-199,-434,235
-203,-135,-68
328,59,269
-15,455,-470
-28,-254,226
-370,404,-774
136,447,-311
424,302,122
96,-271,367
-475,445,-920
67,362,-295
-238,-417,179
-497,454,-951
486,-348,834
73,120,-47
-144,412,-556
-233,-365,132
313,440,-127
-39,378,-417
-411,380,-791
-469,457,-926
-483,-226,-257
423,-33,456
395,-357,752
-299,-394,95
199,-293,492
86,-343,429
28,-375,403
-211,131,-342
-287,88,-375
-114,-397,283
-270,256,-526
-368,-428,60
400,-365,765
-490,-465,-25
245,129,116
324,397,-73
366,90,276
307,392,-85
108,112,-4
-406,-230,-176
-45,139,-184
-487,43,-530
-168,351,-519
-233,-444,211
-65,304,-369
-318,211,-529
-26,465,-491
273,-272,545
-266,207,-473
231,-314,545
258,-26,284
-325,462,-787
-7,-149,142
375,326,49
-211,495,-706
-452,-476,24
-227,184,-411
314,-46,360
-239,303,-542
472,-455,927
182,-280,462
-202,15,-217
147,175,-28
104,-260,364
395,-306,701
465,-289,754
368,191,177
-217,159,-376
158,422,-264
-472,139,-611
122,-258,380
57,-483,540
421,-352,773
402,476,-74
-109,233,-342
309,435,-126
251,-267,518
30,54,-24
21,363,-342
444,-12,456
-367,413,-780
185,221,-36
-6,-231,225
-303,234,-537
-331,59,-390
372,183,189
302,-283,585
-78,-116,38
-316,-52,-264
353,273,80
392,-146,538
-470,13,-483
-41,-471,430
348,155,193
9,125,-116
50,-318,368
329,-438,767
152,-167,319
372,114,258
419,215,204
411,-448,859
128,-406,534
317,420,-103
-63,308,-371
177,169,8
-259,-108,-151
-96,112,-208
70,-206,276
-326,400,-726
4,445,-441
-314,252,-566
248,490,-242
358,-366,724
-263,496,-759
277,-424,701
491,-92,583
-253,384,-637
365,395,-30
-207,-348,141
-180,-362,182
111,-19,130
-387,143,-530
-259,175,-434
-365,-376,11
-371,-130,-241
-399,-364,-35
-386,442,-828
38,-85,123
296,496,-200
141,25,116
-2,-310,308
232,366,-134
408,-10,418
303,-215,518
298,-387,685
-216,131,-347
-432,-220,-212
-299,-432,133
478,-298,776
-256,-296,40
-91,-125,34
284,152,132
485,307,178
376,-240,616
-182,-220,38
465,-342,807
-169,201,-370
-403,157,-560
-285,-376,91
17,328,-311
399,-248,647
203,-156,359
-65,16,-81
-223,128,-351
-353,-291,-62
-272,-75,-197
-153,251,-404
-92,500,-592
-498,319,-817
-62,-421,359
-98,-24,-74
-190,-177,-13
-80,247,-327
338,340,-2
-137,-408,271
-70,-226,156
-457,-496,39
395,-309,704
389,48,341
10,-352,362
-170,-272,102
-20,151,-171
246,-192,438
-94,-318,224
-455,406,-861
293,413,-120
-244,389,-633
250,417,-167
-446,85,-531
-343,118,-461
-413,-483,70
-191,-211,20
330,359,-29
-80,8,-88
45,-380,425
-10,-241,231
-359,196,-555
-346,225,-571
166,280,-114
-285,133,-418
-231,-249,18
254,-393,647
408,-408,816
109,-288,397
422,-438,860
108,98,10
-267,191,-458
-42,447,-489
368,228,140
251,-367,618
182,270,-88
-213,-55,-158
249,-338,587
-364,271,-635
-392,141,-533
179,256,-77
227,39,188
100,61,39
-481,-344,-137
-298,107,-405
320,-167,487
-269,-398,129
431,-21,452
-74,-488,414
99,193,-94
-135,114,-249
381,25,356
27,200,-173
486,-312,798
97,38,59
486,-196,682
-237,18,-255
255,-4,259
-492,-210,-282
287,-151,438
-249,-123,-126
244,446,-202
347,68,279
340,-21,361
-14,-26,12
-306,213,-519
451,224,227
484,59,425
-380,102,-482
-219,-428,209
-458,-150,-308
85,225,-140
-97,-181,84
147,53,94
-219,-260,41
-145,48,-193
-308,303,-611
-268,-294,26
178,9,169
-105,-277,172
-371,-336,-35
290,7,283
338,441,-103
320,486,-166
172,-450,622
-258,-172,-86
-442,30,-472
386,340,46
354,-333,687
168,-194,362
173,378,-205
-130,437,-567
-218,-472,254
-21,131,-152
485,5,480
495,483,12
22,-321,343
2,353,-351
-325,50,-375
346,-482,828
263,-166,429
308,-344,652
17,84,-67
-238,-340,102
261,182,79
-353,12,-365
294,-165,459
-260,-276,16
443,256,187
106,249,-143
383,-154,537
-30,-408,378
-230,59,-289
-313,-31,-282
389,-426,815
-467,228,-695
442,-325,767
242,268,-26
213,475,-262
-395,-240,-155
-221,-396,175
-491,-223,-268
-316,-89,-227
-187,-238,51
-202,-416,214
-15,392,-407
238,499,-261
60,277,-217
-327,269,-596
340,427,-87
-217,-446,229
-71,-347,276
-104,-423,319
-85,-330,245
-131,58,-189
-443,494,-937
-463,61,-524
193,92,101
-301,-167,-134
302,179,123
206,-409,615
-59,293,-352
-113,217,-330
413,-445,858
-268,-47,-221
9,415,-406
-225,94,-319
-147,-278,131
-238,252,-490
-175,99,-274
-108,-95,-13
-260,-352,92
-286,-413,127
-337,-232,-105
311,175,136
481,119,362
-353,-7,-346
-39,-255,216
26,421,-395
345,-342,687
-285,268,-553
151,480,-329
19,412,-393
181,326,-145
-391,-174,-217
-193,-321,128
413,-41,454
390,158,232
457,195,262
-109,289,-398
-120,-335,215
113,-300,413
-360,32,-392
424,-357,781
-93,-154,61
-160,-479,319
5,455,-450
-220,-127,-93
31,137,-106
279,-427,706
416,-472,888
-24,350,-374
-82,-188,106
-95,150,-245
-71,84,-155
95,-499,594
-290,496,-786
492,-431,923
137,240,-103
64,-20,84
-438,402,-840
-245,-123,-122
-323,463,-786
-365,-288,-77
-223,283,-506
135,225,-90
431,-64,495
394,-394,788
93,-132,225
311,-211,522
226,-129,355
-95,-146,51
-463,-383,-80
124,263,-139
423,248,175
260,108,152
-431,-418,-13
-471,-477,6
42,-488,530
-194,443,-637
290,278,12
224,123,101
288,264,24
-78,-151,73
344,-28,372
-153,260,-413
200,73,127
-237,187,-424
-328,-253,-75
-32,322,-354
47,-7,54
66,233,-167
95,43,52
407,-341,748
-200,442,-642
313,79,234
324,-400,724
-195,-231,36
377,-422,799
-207,164,-371
156,153,3
246,212,34
46,242,-196
-329,159,-488
-348,429,-777
-265,316,-581
-302,-65,-237
-183,-456,273
163,432,-269
-423,-338,-85
242,-337,579
297,238,59
-215,382,-597
269,227,42
-182,-62,-120
-98,-296,198
-444,-232,-212
31,-20,51
-197,42,-239
-328,-329,1
-26,-432,406
-32,284,-316
-494,184,-678
-46,484,-530
-468,-94,-374
341,-276,617
11,-428,439
427,41,386
-498,99,-597
-134,300,-434
-110,-452,342
-215,288,-503
-433,375,-808
62,114,-52
-331,-24,-307
-388,123,-511
483,408,75
6,66,-60
386,-27,413
175,-319,494
416,202,214
349,-259,608
94,-433,527
-55,-427,372
29,-138,167
-41,-195,154
-106,387,-493
-53,-474,421
-29,-299,270
-266,434,-700
-260,-162,-98
47,247,-200
-94,-41,-53
304,264,40
-407,-274,-133
-405,-244,-161
275,-454,729
284,296,-12
129,117,12
-221,314,-535
396,45,351
-475,201,-676
-493,-408,-85
24,-111,135
438,143,295
264,78,186
56,-321,377
165,-458,623
-482,122,-604
-286,-355,69
-32,327,-359
29,203,-174
-467,287,-754
-254,467,-721
116,182,-66
-45,-1,-44
-204,154,-358
478,127,351
141,205,-64
36,72,-36
-476,296,-772
6,93,-87
137,-144,281
115,-418,533
-84,376,-460
329,-406,735
-301,277,-578
168,-346,514
320,405,-85
-311,-47,-264
-488,486,-974
70,373,-303
214,-192,406
450,-269,719
217,321,-104
-392,-139,-253
218,26,192
-458,22,-480
-142,237,-379
-371,154,-525
310,414,-104
-31,-457,426
108,-414,522
-9,38,-47
165,25,140
118,102,16
381,-206,587
60,190,-130
163,325,-162
212,411,-199
-160,51,-211
247,243,4
257,-229,486
426,-73,499
-117,141,-258
-355,390,-745
23,-99,122
-54,-429,375
-299,433,-732
94,-236,330
-268,-313,45
-350,-380,30
-298,432,-730
-87,-16,-71
-440,9,-449
-316,137,-453
-414,-341,-73
-456,-451,-5
173,-343,516
449,-243,692
332,-48,380
-83,62,-145
-225,495,-720
245,-452,697
434,-422,856
239,481,-242
-19,29,-48
-200,-319,119
-270,-230,-40
-495,270,-765
-390,48,-438
-423,-411,-12
-64,31,-95
-181,-430,249
395,-32,427
-443,314,-757
103,-494,597
-356,168,-524
-210,-370,160
-493,452,-945
-418,20,-438
-371,239,-610
413,-75,488
-298,212,-510
-227,-370,143
199,364,-165
303,-85,388
354,470,-116
-210,124,-334
322,-381,703
-275,128,-403
56,-421,477
-8,-467,459
248,404,-156
-451,260,-711
-455,339,-794
306,-246,552
338,409,-71
263,-369,632
-245,-57,-188
-425,114,-539
232,-147,379
-140,291,-431
453,-369,822
23,-313,336
72,-135,207
116,-10,126
-276,219,-495
322,64,258
184,-488,672
152,-486,638
-190,482,-672
68,237,-169
221,-268,489
-76,-463,387
-375,495,-870
291,181,110
-113,-278,165
107,5,102
425,-339,764
-178,179,-357
-99,-80,-19
81,-419,500
-76,253,-329
99,124,-25
436,248,188
133,-157,290
-75,290,-365
403,-94,497
-190,444,-634
-363,-301,-62
-220,338,-558
-134,333,-467
-359,-485,126
385,-495,880
-383,-16,-367
19,-458,477
-98,-459,361
-217,247,-464
177,-387,564
-165,-283,118
392,-178,570
460,473,-13
-495,-320,-175
-195,159,-354
-464,438,-902
238,77,161
-311,103,-414
-125,496,-621
-99,41,-140
-244,-387,143
47,-454,501
-391,-338,-53
454,261,193
231,-166,397
232,-86,318
-216,216,-432
491,194,297
-476,363,-839
104,-39,143
375,337,38
291,-58,349
-450,-28,-422
-499,43,-542
-266,206,-472
-134,-115,-19
132,22,110
-388,482,-870
-355,47,-402
253,-40,293
224,262,-38
-167,36,-203
-281,-143,-138
-402,154,-556
-211,-314,103
-282,-69,-213
-418,363,-781
284,298,-14
-434,251,-685
-248,76,-324
208,200,8
-151,96,-247
481,-459,940
428,-66,494
-403,402,-805
403,-221,624
-478,167,-645
251,19,232
165,-173,338
402,-145,547
-495,-169,-326
266,338,-72
419,-465,884
-248,196,-444
-116,-334,218
214,-8,222
-333,472,-805
-79,-371,292
-172,-319,147
-244,444,-688
-97,33,-130
-14,-6,-8
-31,88,-119
-22,97,-119
-41,31,-72
77,-74,151
94,73,21
-45,26,-71
6,69,-63
91,56,35
-12,-15,3
-7,-55,48
14,-81,95
33,4,29
-36,90,-126
86,65,21
52,55,-3
-27,58,-85
19,-90,109
-82,-38,-44
84,49,35
86,-69,155
52,-87,139
80,100,-20
-81,-49,-32
-100,60,-160
-95,-9,-86
-28,-14,-14
-94,81,-175
-22,71,-93
-99,100,-199
0,-95,95
-34,42,-76
-34,57,-91
-64,-12,-52
21,-9,30
-91,-76,-15
-51,-79,28
-21,12,-33
15,-43,58
-71,12,-83
24,-28,52
-64,-29,-35
73,-93,166
-53,-5,-48
29,80,-51
-28,-45,17
-13,16,-29
39,-37,76
42,-49,91
51,-99,150
53,-96,149
43,94,-51
-100,0,-100
-75,45,-120
-62,-92,30
15,20,-5
90,51,39
70,43,27
61,3,58
15,-36,51
15,87,-72
-23,-9,-14
-21,-82,61
49,22,27
-58,76,-134
54,79,-25
94,-25,119
-92,47,-139
-100,-87,-13
-66,59,-125
37,-14,51
-16,-3,-13
68,-85,153
-100,94,-194
-33,-43,10
66,-71,137
1,90,-89
-26,-83,57
69,10,59
88,9,79
-24,-15,-9
-99,32,-131
-12,-30,18
-55,-31,-24
55,-1,56
18,-66,84
31,27,4
60,-78,138
-36,61,-97
-48,-45,-3
-95,76,-171
47,-1,48
-86,95,-181
4,20,-16
-48,64,-112
67,-31,98
-93,70,-163
-97,-92,-5
82,58,24
-29,62,-91
62,-18,80
37,34,3
-61,-60,-1
-13,36,-49
69,-30,99
-41,94,-135
-47,-90,43
85,60,25
31,-63,94
-35,-48,13
41,-88,129
36,-18,54
-85,-37,-48
35,44,-9
85,52,33
-65,-49,-16
-80,-9,-71
66,-9,75
76,17,59
43,-58,101
-47,-63,16
-38,1,-39
66,5,61
68,-46,114
83,7,76
-74,97,-171
-14,-62,48
84,-70,154
32,-52,84
1,-18,19
52,-43,95
-29,-62,33
-16,89,-105
35,97,-62
-19,-7,-12
19,38,-19
98,63,35
70,-77,147
-2,69,-71
71,-61,132
-63,-8,-55
-30,-64,34
38,-96,134
34,21,13
-83,-51,-32
-26,-50,24
-49,-29,-20
25,9,16
-26,60,-86
-40,-27,-13
-50,91,-141
77,-41,118
22,-76,98
54,-33,87
34,-26,60
6,-64,70
-28,-89,61
90,89,1
96,-20,116
-58,61,-119
76,-39,115
-79,-89,10
4,-91,95
-28,-94,66
-86,27,-113
49,89,-40
18,-56,74
1,52,-51
25,-19,44
24,85,-61
73,-49,122
97,-62,159
95,-60,155
-93,-82,-11
19,-40,59
-79,13,-92
25,49,-24
-38,-89,51
39,-17,56
-73,-18,-55
100,38,62
70,26,44
-70,-42,-28
-88,-32,-56
49,-19,68
-46,-20,-26
23,-16,39
-20,38,-58
5,-67,72
-77,16,-93
-54,-100,46
70,-34,104
94,8,86
18,-20,38
100,-18,118
20,4,16
-51,-95,44
17,66,-49
-99,34,-133
-29,-26,-3
-80,-74,-6
-27,21,-48
-15,-74,59
19,-85,104
92,85,7
-63,66,-129
-96,-51,-45
-42,-86,44
95,-96,191
-79,-5,-74
44,-99,143
12,23,-11
-46,-48,2
-42,-29,-13
62,-58,120
-43,-37,-6
22,72,-50
-1,51,-52
3,-2,5
4,50,-46
49,-44,93
-25,-65,40
54,64,-10
10,-71,81
32,-47,79
52,-78,130
-41,-54,13
63,-68,131
-87,-93,6
21,-31,52
13,-67,80
-61,83,-144
-12,-63,51
32,-47,79
-28,6,-34
57,80,-23
-12,30,-42
17,28,-11
-71,-48,-23
85,-10,95
99,-33,132
-30,6,-36
12,54,-42
-82,50,-132
1,-88,89
-52,68,-120
99,90,9
-11,13,-24
-56,28,-84
-26,-96,70
-51,48,-99
-53,24,-77
72,57,15
-55,-4,-51
1,-96,97
44,-82,126
-59,-14,-45
-95,85,-180
72,-65,137
69,39,30
-52,13,-65
-15,-38,23
-36,-5,-31
87,11,76
-7,23,-30
93,97,-4
-40,-74,34
90,-63,153
55,8,47
38,47,-9
23,-16,39
-40,25,-65
-15,-26,11
-63,48,-111
-23,65,-88
-100,37,-137
40,32,8
-39,-91,52
26,-29,55
-11,-26,15
94,7,87
1,-42,43
-84,-15,-69
-73,64,-137
-78,-53,-25
-3,-38,35
44,-84,128
87,-6,93
58,-76,134
64,-24,88
33,53,-20
59,-72,131
68,34,34
10,29,-19
78,0,78
13,-52,65
-73,4,-77
-93,73,-166
-40,29,-69
-12,81,-93
-60,-78,18
92,-74,166
66,-62,128
-33,32,-65
-50,-45,-5
76,-97,173
91,40,51
27,-15,42
78,-38,116
75,-63,138
-61,79,-140
17,32,-15
-33,53,-86
-31,-81,50
11,-9,20
98,55,43
-3,-68,65
-34,21,-55
81,-98,179
-48,-38,-10
-26,46,-72
-2,-95,93
-92,97,-189
59,86,-27
84,97,-13
-1,-99,98
-11,-89,78
-7,-74,67
59,32,27
-38,80,-118
36,-66,102
39,-18,57
-28,95,-123
84,95,-11
-95,24,-119
70,23,47
83,-2,85
64,-93,157
93,-14,107
-63,75,-138
3,-52,55
-63,82,-145
79,-79,158
10,66,-56
-39,29,-68
-11,35,-46
49,-81,130
-77,-66,-11
82,-51,133
69,18,51
-3,39,-42
-81,-86,5
62,-78,140
-76,94,-170
37,-30,67
40,88,-48
-6,-92,86
26,10,16
-88,-57,-31
-85,14,-99
-56,-10,-46
83,-79,162
-42,-5,-37
6,-82,88
56,-42,98
44,52,-8
73,0,73
100,57,43
-86,-57,-29
-65,57,-122
43,-25,68
-14,28,-42
-61,-93,32
92,-100,192
-78,44,-122
-49,64,-113
-48,-92,44
38,90,-52
-5,-41,36
-54,64,-118
69,53,16
37,7,30
8,32,-24
23,-39,62
2,13,-11
19,13,6
-45,36,-81
-36,74,-110
-4,-44,40
-80,85,-165
14,48,-34
-66,-48,-18
39,-37,76
-89,84,-173
-33,24,-57
-83,91,-174
39,-64,103
54,-7,61
-31,-32,1
-58,89,-147
-35,68,-103
-39,81,-120
-97,74,-171
-43,-13,-30
65,67,-2
92,-5,97
49,-46,95
-83,35,-118
-95,21,-116
-43,100,-143
34,60,-26
39,-45,84
46,-77,123
84,-46,130
-96,98,-194
-98,84,-182
31,70,-39
22,-3,25
-80,-13,-67
43,71,-28
67,-41,108
-60,33,-93
52,84,-32
98,-24,122
35,-64,99
73,23,50
35,0,35
57,91,-34
36,45,-9
7,-26,33
-51,90,-141
-74,48,-122
-31,-48,17
90,94,-4
-70,-29,-41
-79,-14,-65
-55,80,-135
-95,-100,5
-70,55,-125
57,72,-15
-76,-97,21
-30,54,-84
-90,-71,-19
-24,-30,6
93,-2,95
-11,-8,-3
-9,-2,-7
43,12,31
62,84,-22
-2,91,-93
-87,56,-143
-94,8,-102
-60,7,-67
16,7,9
15,20,-5
26,29,-3
47,-69,116
36,-22,58
8,51,-43
57,43,14
-59,68,-127
11,-18,29
-6,-78,72
-28,77,-105
19,61,-42
13,-83,96
-80,22,-102
38,69,-31
0,12,-12
83,-18,101
15,37,-22
84,-57,141
80,-65,145
-41,-14,-27
5,-29,34
-30,23,-53
-53,47,-100
23,14,9
11,7,4
85,-48,133
-14,-40,26
12,6,6
-99,-79,-20
-70,36,-106
-15,-86,71
85,-33,118
-29,-38,9
63,21,42
-95,4,-99
11,-95,106
-16,72,-88
-29,52,-81
-72,-69,-3
-85,16,-101
11,66,-55
-58,-9,-49
31,-48,79
-32,4,-36
52,-26,78
-6,2,-8
-27,-6,-21
75,-77,152
4,-9,13
-26,-57,31
-8,-37,29
-43,-87,44
-100,82,-182
-46,-5,-41
20,54,-34
-52,-31,-21
-1,-47,46
12,-9,21
-92,15,-107
60,-71,131
-76,-99,23
98,-25,123
-40,-59,19
32,-84,116
-53,-94,41
-17,85,-102
-55,-27,-28
-73,28,-101
-20,70,-90
29,-42,71
36,-97,133
42,-64,106
18,96,-78
39,69,-30
0,-21,21
92,-47,139
-81,36,-117
94,-20,114
86,-29,115
22,46,-24
0,0,0
33,70,-37
-61,-14,-47
40,6,34
75,23,52
85,-78,163
-80,-56,-24
58,-68,126
-47,-52,5
53,-68,121
23,60,-37
-48,22,-70
46,-15,61
-58,-48,-10
-54,-91,37
18,-43,61
89,-99,188
-73,3,-76
-10,39,-49
100,35,65
14,-97,111
-21,-97,76
94,83,11
67,82,-15
53,-92,145
61,7,54
-63,-25,-38
-34,93,-127
21,100,-79
-36,98,-134
99,-65,164
41,54,-13
85,-41,126
-1,-3,2
42,68,-26
-37,-9,-28
-17,98,-115
-53,38,-91
-77,38,-115
38,-8,46
92,58,34
32,73,-41
0,-35,35
-6,-26,20
-54,92,-146
44,73,-29
57,-46,103
-55,-76,21
-22,82,-104
44,20,24
1,-33,34
-37,-24,-13
-43,-39,-4
-14,-33,19
-57,54,-111
-80,87,-167
-27,-26,-1
50,99,-49
98,31,67
83,-25,108
-74,49,-123
58,-98,156
62,-32,94
95,-25,120
0,10,-10
40,-97,137
-75,-19,-56
-11,-90,79
-98,42,-140
5,63,-58
-6,-95,89
-52,29,-81
-5,60,-65
-73,-97,24
68,84,-16
78,84,-6
60,-63,123
81,-41,122
78,83,-5
-50,67,-117
-46,-2,-44
76,59,17
27,27,0
-38,64,-102
9,-36,45
-75,-35,-40
-61,-41,-20
-80,-40,-40
44,57,-13
24,83,-59
75,73,2
55,87,-32
1,-97,98
37,39,-2
62,-70,132
-1,-25,24
-21,77,-98
-17,-55,38
-7,-91,84
-87,-76,-11
13,48,-35
-89,47,-136
3,8,-5
70,-55,125
-83,94,-177
2,24,-22
40,69,-29
10,49,-39
-52,-33,-19
37,-6,43
4,5,-1
2,-16,18
40,-61,101
9,-56,65
-32,-36,4
-71,55,-126
66,-81,147
-61,84,-145
-72,-44,-28
70,50,20
25,-55,80
-49,-50,1
75,-50,125
65,29,36
9,-85,94
-88,-36,-52
21,-37,58
-19,14,-33
-82,-35,-47
92,22,70
-58,-74,16
89,-23,112
95,-15,110
-36,38,-74
-1,33,-34
58,-21,79
74,71,3
17,-64,81
-93,17,-110
-42,49,-91
-18,-11,-7
61,32,29
-91,-26,-65
-100,100,-200
50,-43,93
57,-89,146
-35,-31,-4
0,29,-29
-3,-19,16
-20,47,-67
-98,-58,-40
59,-8,67
-73,13,-86
-72,100,-172
-46,-81,35
-86,50,-136
-48,88,-136
-4,49,-53
55,-84,139
-96,58,-154
67,24,43
-93,-79,-14
76,64,12
-41,1,-42
45,-85,130
-95,87,-182
-45,92,-137
70,-4,74
14,-86,100
-26,31,-57
52,-18,70
5,-8,13
5,6,-1
-50,-44,-6
-67,-73,6
34,-99,133
-29,-84,55
26,-81,107
-58,-37,-21
21,-37,58
-19,88,-107
-60,32,-92
-31,-51,20
73,54,19
58,-98,156
-14,42,-56
86,-20,106
2,-30,32
-64,-41,-23
84,87,-3
77,100,-23
-73,-47,-26
-63,-69,6
-69,-89,20
-58,-38,-20
18,-85,103
-53,83,-136
41,-19,60
52,-53,105
67,66,1
88,-67,155
41,92,-51
-30,3,-33
-71,96,-167
-47,-5,-42
95,60,35
50,-10,60
94,-42,136
29,-77,106
-58,80,-138
-13,46,-59
-48,98,-146
-97,-36,-61
-11,-57,46
54,15,39
92,42,50
29,-81,110
-67,57,-124
81,11,70
-84,-10,-74
-26,63,-89
-93,-76,-17
-51,-46,-5
43,-6,49
22,3,19
20,-46,66
-93,36,-129
-14,-11,-3
-37,-96,59
-71,-71,0
59,9,50
-3,45,-48
37,67,-30
-54,-42,-12
67,-51,118
71,94,-23
-32,57,-89
-88,62,-150
74,-85,159
85,56,29
32,93,-61
86,-84,170
-63,76,-139
-21,7,-28
51,96,-45
-99,-100,1
-24,87,-111
67,21,46
61,-84,145
-36,11,-47
98,66,32
35,-80,115
98,-100,198
-73,-56,-17
-82,-89,7
3,-23,26
-38,-28,-10
-33,17,-50
-49,37,-86
-49,59,-108
-4,-98,94
-15,27,-42
96,14,82
92,52,40
63,-17,80
-44,91,-135
72,-74,146
28,-36,64
60,-99,159
76,50,26
33,-26,59
-76,86,-162
-39,26,-65
-81,22,-103
87,43,44
14,18,-4
13,76,-63
63,97,-34
-82,-9,-73
76,-70,146
-69,-36,-33
34,16,18
78,64,14
93,21,72
70,-14,84
-55,72,-127
-55,78,-133
62,-20,82
35,-29,64
-9,35,-44
50,95,-45
50,-3,53
93,-52,145
-61,-97,36
-21,38,-59
68,33,35
-66,50,-116
54,34,20
-42,-56,14
-72,65,-137
-98,57,-155
55,54,1
45,7,38
-97,-17,-80
-87,39,-126
-65,77,-142
25,-10,35
94,-14,108
48,37,11
-89,-15,-74
42,82,-40
-70,91,-161
-63,99,-162
19,46,-27
-60,88,-148
-44,78,-122
36,-10,46
65,-93,158
28,72,-44
8,84,-76
-37,-62,25
-88,2,-90
-56,-15,-41
-80,-6,-74
43,-27,70
-86,-40,-46
-87,-9,-78
-96,17,-113
-18,5,-23
7,-23,30
0,-53,53
-43,-82,39
14,46,-32
71,41,30
16,43,-27
-50,72,-122
27,99,-72
18,2,16
-74,98,-172
77,4,73
-47,67,-114
-10,-100,90
-63,89,-152
-55,35,-90
97,91,6
-36,-2,-34
-13,16,-29
-81,-77,-4
50,-9,59
-19,95,-114
-99,-65,-34
-8,-40,32
-5,41,-46
-73,-34,-39
33,19,14
-82,-11,-71
53,-85,138
36,-34,70
73,92,-19
-74,27,-101
1,65,-64
89,63,26
-49,66,-115
76,-79,155
-38,-27,-11
17,-25,42
-75,22,-97
-59,94,-153
-66,64,-130
100,-45,145
14,27,-13
80,-99,179
49,59,-10
43,59,-16
-91,42,-133
26,-41,67
-36,-3,-33
-12,46,-58
21,10,11
82,-77,159
52,86,-34
3,50,-47
56,-15,71
77,38,39
-71,-82,11
-95,-6,-89
37,-37,74
98,50,48
-54,90,-144
51,21,30
-38,-64,26
-22,22,-44
-32,-84,52
-47,-36,-11
-72,-25,-47
100,-40,140
-17,-81,64
-31,-84,53
95,13,82
-2,88,-90
97,54,43
10,-61,71
60,31,29
-35,-29,-6
28,-7,35
9,-20,29
50,93,-43
70,-63,133
7,78,-71
-88,-26,-62
-28,-43,15
46,34,12
-87,-65,-22
-96,18,-114
66,-44,110
32,59,-27
-19,32,-51
-41,-84,43
44,-24,68
71,29,42
-67,87,-154
-80,-87,7
29,-89,118
-31,47,-78
-42,-27,-15
71,-8,79
42,-30,72
4,-80,84
59,-86,145
-36,-82,46
-20,-17,-3
64,72,-8
96,-70,166
17,4,13
-36,-19,-17
63,49,14
-72,51,-123
-8,22,-30
-49,-63,14
-1,-40,39
-8,-45,37
-63,8,-71
-5,-90,85
88,58,30
-91,-96,5
93,-97,190
-4,4,-8
-80,4,-84
-69,37,-106
15,-95,110
-18,5,-23
-84,-52,-32
-99,-34,-65
46,77,-31
5,0,5
70,-52,122
23,12,11
-45,33,-78
-92,18,-110
25,-15,40
100,63,37
93,-62,155
-43,-83,40
13,-6,19
-34,80,-114
40,-40,80
16,-45,61
-6,49,-55
31,19,12
-49,-36,-13
13,-44,57
-19,-14,-5
-4,17,-21
48,22,26
14,26,-12
-45,36,-81
24,-49,73
-1,-12,11
50,-38,88
0,-8,8
-6,-19,13
-19,-44,25
42,-6,48
-18,-30,12
34,3,31
26,-41,67
-10,24,-34
2,2,0
-43,19,-62
32,40,-8
35,47,-12
38,1,37
23,-18,41
-43,4,-47
50,-44,94
-13,29,-42
-12,-49,37
-18,34,-52
5,-9,14
12,44,-32
-26,-44,18
6,36,-30
35,-50,85
-16,-41,25
-23,-19,-4
-43,-8,-35
44,39,5
17,-44,61
37,26,11
19,25,-6
-26,-8,-18
43,-10,53
-30,32,-62
35,-6,41
-21,-33,12
19,-29,48
20,-23,43
-33,-11,-22
-40,30,-70
-30,-25,-5
-15,13,-28
-1,38,-39
-2,-34,32
11,-39,50
37,14,23
43,-36,79
-41,7,-48
23,-30,53
50,-19,69
-23,35,-58
-19,27,-46
30,-2,32
14,-4,18
27,24,3
-50,25,-75
36,50,-14
33,14,19
30,40,-10
-16,-41,25
32,-32,64
42,38,4
3,-45,48
14,15,-1
-37,-28,-9
40,-28,68
21,-6,27
50,45,5
-20,36,-56
11,49,-38
-27,12,-39
33,-33,66
-29,7,-36
-47,31,-78
25,31,-6
-2,-12,10
-25,-7,-18
-18,-32,14
-32,-46,14
-10,27,-37
42,24,18
-44,-2,-42
-50,-26,-24
-15,9,-24
46,-16,62
-2,41,-43
-25,44,-69
-21,38,-59
-19,38,-57
40,-50,90
24,26,-2
13,-27,40
-33,-38,5
-50,-37,-13
38,44,-6
-31,-6,-25
-46,1,-47
-7,5,-12
-25,-48,23
-37,-36,-1
-18,0,-18
-40,-10,-30
-23,16,-39
-2,21,-23
-35,-20,-15
13,29,-16
6,34,-28
1,21,-20
8,-11,19
35,28,7
-49,-31,-18
-41,-35,-6
-19,-15,-4
-37,-33,-4
-3,31,-34
-6,44,-50
-21,-14,-7
38,-30,68
20,43,-23
46,-13,59
2,-39,41
2,34,-32
-34,-18,-16
-32,-15,-17
-5,1,-6
24,47,-23
12,14,-2
36,12,24
27,45,-18
29,-17,46
43,-23,66
48,-46,94
-48,-45,-3
41,-36,77
-18,4,-22
-15,19,-34
-32,8,-40
-49,-26,-23
-17,-26,9
-10,36,-46
-2,-40,38
-43,36,-79
19,-38,57
2,26,-24
28,47,-19
34,-33,67
-39,-25,-14
39,-28,67
29,-16,45
3,34,-31
37,-18,55
-35,-3,-32
25,-18,43
-37,42,-79
34,-36,70
-32,41,-73
-5,29,-34
-30,34,-64
34,-8,42
-22,-44,22
47,12,35
19,-40,59
38,-33,71
30,47,-17
14,-10,24
-36,-25,-11
-31,-24,-7
-28,27,-55
5,31,-26
-1,50,-51
-31,19,-50
-27,11,-38
37,15,22
-49,-22,-27
40,40,0
-41,-4,-37
0,46,-46
-12,47,-59
39,-18,57
-15,-21,6
-50,-12,-38
-37,12,-49
30,-6,36
7,33,-26
-16,-48,32
-14,43,-57
-11,-9,-2
-17,-23,6
29,-24,53
-35,9,-44
30,40,-10
-12,-44,32
4,-40,44
21,25,-4
-29,25,-54
-42,-32,-10
34,20,14
35,-43,78
-7,-23,16
33,14,19
3,45,-42
-7,3,-10
-31,-30,-1
33,-41,74
11,50,-39
-27,-25,-2
32,-6,38
-46,45,-91
41,45,-4
35,17,18
-7,-5,-2
-28,-33,5
-35,28,-63
-36,-21,-15
50,-48,98
-1,-21,20
-34,1,-35
16,14,2
32,-45,77
46,-16,62
0,-30,30
30,39,-9
-22,-42,20
-49,-31,-18
37,-48,85
-2,5,-7
27,-19,46
-3,-28,25
33,43,-10
16,-22,38
-2,-20,18
47,-2,49
49,8,41
-36,1,-37
-35,-26,-9
-41,16,-57
5,-37,42
-34,21,-55
-33,-39,6
39,25,14
20,-18,38
28,4,24
4,-18,22
-21,-27,6
-46,31,-77
0,4,-4
-7,-36,29
-5,-19,14
-32,-3,-29
31,-11,42
-6,14,-20
-38,-24,-14
-18,35,-53
-14,-7,-7
8,37,-29
-31,-17,-14
33,-9,42
30,39,-9
-18,-7,-11
-42,33,-75
-10,-38,28
-4,-33,29
12,43,-31
-19,7,-26
-19,-27,8
15,41,-26
8,44,-36
-49,-37,-12
24,1,23
-1,-42,41
30,44,-14
20,9,11
26,43,-17
-1,40,-41
-22,2,-24
-30,11,-41
15,-24,39
39,-7,46
-39,-45,6
6,-30,36
-21,50,-71
-1,23,-24
-32,32,-64
7,19,-12
-45,35,-80
25,-46,71
39,-17,56
-2,38,-40
11,7,4
-45,-43,-2
-10,3,-13
-30,-45,15
27,-3,30
36,-45,81
-25,11,-36
-29,37,-66
37,23,14
18,-19,37
-5,23,-28
-18,7,-25
50,5,45
-31,-1,-30
-49,-46,-3
22,-4,26
-7,-38,31
39,32,7
-2,14,-16
-11,-47,36
10,-31,41
-36,9,-45
-10,0,-10
-49,26,-75
2,-35,37
43,-42,85
-27,-40,13
-29,-24,-5
-1,-44,43
-16,-43,27
28,21,7
-21,-16,-5
-36,-34,-2
33,44,-11
10,-24,34
-17,-16,-1
36,25,11
-25,33,-58
41,-35,76
-10,-5,-5
17,-49,66
34,-38,72
4,18,-14
49,-21,70
-32,44,-76
1,-12,13
-41,26,-67
9,28,-19
42,38,4
-43,17,-60
2,10,-8
18,-14,32
-20,48,-68
-35,-42,7
-23,48,-71
13,42,-29
33,46,-13
-23,1,-24
-45,26,-71
-35,-37,2
3,35,-32
16,23,-7
-47,17,-64
-19,-50,31
-29,27,-56
35,-49,84
-15,1,-16
26,22,4
18,32,-14
-13,-37,24
-38,-41,3
31,37,-6
50,40,10
8,2,6
42,-26,68
-11,19,-30
-29,10,-39
-3,44,-47
42,-50,92
14,-37,51
-46,-22,-24
14,36,-22
17,-38,55
-2,5,-7
18,19,-1
11,34,-23
-27,-13,-14
-41,-17,-24
16,11,5
45,20,25
41,-33,74
-40,-32,-8
10,-20,30
4,2,2
48,-1,49
-5,20,-25
-47,-35,-12
-19,-38,19
-14,31,-45
10,22,-12
18,39,-21
-48,-30,-18
3,5,-2
-31,-34,3
-4,-23,19
50,21,29
30,-37,67
39,-26,65
5,29,-24
7,22,-15
-4,-37,33
37,13,24
11,-5,16
-9,7,-16
-34,-30,-4
26,11,15
6,-43,49
-50,0,-50
-37,-34,-3
25,-37,62
-39,46,-85
-30,9,-39
16,-47,63
-5,21,-26
50,32,18
10,-4,14
30,42,-12
23,15,8
24,-50,74
-9,-47,38
8,-36,44
-13,-3,-10
-35,-2,-33
-42,-3,-39
-18,22,-40
-27,-35,8
-3,43,-46
-14,9,-23
29,-3,32
19,39,-20
-20,46,-66
-29,-37,8
38,19,19
1,-35,36
2,-37,39
-17,7,-24
-15,-30,15
-7,39,-46
-21,5,-26
30,-1,31
-48,-34,-14
-48,-41,-7
24,20,4
-37,-43,6
-1,-11,10
-17,49,-66
25,23,2
-4,-18,14
-31,-45,14
-20,29,-49
22,15,7
-9,-19,10
24,40,-16
-20,49,-69
44,-13,57
33,30,3
-43,16,-59
36,0,36
-2,3,-5
32,10,22
36,-9,45
18,-42,60
26,42,-16
15,-40,55
12,29,-17
-45,13,-58
30,14,16
-24,-42,18
45,9,36
28,-43,71
40,-46,86
23,-18,41
-29,26,-55
25,29,-4
-15,-46,31
-42,44,-86
32,4,28
-6,17,-23
12,-12,24
27,44,-17
37,-7,44
-22,-19,-3
15,-7,22
27,-10,37
-23,41,-64
-42,-35,-7
15,-35,50
-14,29,-43
11,31,-20
-40,0,-40
-46,-38,-8
-14,10,-24
-18,-41,23
4,38,-34
-9,33,-42
2,-41,43
-36,17,-53
9,31,-22
-48,-31,-17
-19,-16,-3
-28,-22,-6
49,35,14
-10,24,-34
25,22,3
14,40,-26
40,-39,79
-1,-1,0
36,-8,44
15,44,-29
-18,-34,16
-21,15,-36
-27,40,-67
-48,-10,-38
-9,47,-56
41,40,1
-16,-28,12
26,-29,55
40,42,-2
32,-1,33
23,43,-20
35,-31,66
-18,-49,31
-34,47,-81
-32,-41,9
6,-1,7
3,-16,19
17,13,4
-40,6,-46
-47,13,-60
45,49,-4
15,-14,29
29,-13,42
14,-10,24
11,-49,60
31,11,20
-29,46,-75
16,7,9
1,2,-1
2,-34,36
34,50,-16
-6,-3,-3
-48,37,-85
42,-7,49
25,-11,36
-28,-35,7
-23,-16,-7
-38,43,-81
0,-3,3
19,29,-10
-10,-5,-5
-10,-35,25
-23,9,-32
-5,2,-7
-50,-31,-19
-47,-34,-13
-48,-3,-45
-48,28,-76
18,46,-28
0,-4,4
22,15,7
-12,16,-28
-11,44,-55
-33,-16,-17
18,-22,40
5,-37,42
12,-17,29
-34,-34,0
-39,-17,-22
12,-9,21
-41,23,-64
-28,50,-78
7,35,-28
12,-46,58
-4,41,-45
-20,23,-43
-13,14,-27
-14,-28,14
-50,-11,-39
36,-11,47
29,-5,34
-44,48,-92
-43,-50,7
-24,-38,14
-46,4,-50
-20,-20,0
34,-26,60
-34,34,-68
-25,33,-58
-21,40,-61
44,-3,47
-42,-27,-15
-45,-39,-6
-6,44,-50
0,-11,11
-28,-2,-26
-36,-35,-1
-6,-48,42
-47,-35,-12
-19,48,-67
48,-23,71
-35,-3,-32
30,-24,54
4,-24,28
15,-10,25
16,-14,30
-49,14,-63
-7,11,-18
-21,22,-43
17,13,4
46,46,0
45,-13,58
-14,-30,16
-15,-15,0
19,-13,32
-46,-12,-34
40,-11,51
-47,36,-83
9,33,-24
30,-26,56
-4,11,-15
30,16,14
45,-18,63
33,-42,75
-22,-5,-17
10,-12,22
4,-39,43
-2,-32,30
15,0,15
-21,-3,-18
32,24,8
10,-34,44
22,18,4
-40,-37,-3
-42,-37,-5
-10,36,-46
32,49,-17
1,30,-29
28,-33,61
-24,-5,-19
43,-11,54
17,-45,62
-31,-19,-12
37,-31,68
22,-29,51
-31,43,-74
1,45,-44
-10,24,-34
-17,-4,-13
-47,-22,-25
47,-3,50
-43,-18,-25
26,35,-9
-9,36,-45
14,43,-29
46,-43,89
-47,-8,-39
-9,17,-26
-36,8,-44
-17,-15,-2
-48,48,-96
10,21,-11
20,39,-19
27,-23,50
3,11,-8
-12,-21,9
3,-35,38
18,25,-7
-33,-50,17
-21,-5,-16
24,29,-5
-5,48,-53
13,35,-22
-43,-12,-31
36,-37,73
-2,-30,28
35,-4,39
-5,-19,14
42,-8,50
-43,-4,-39
4,28,-24
-6,34,-40
-48,-44,-4
-2,-19,17
28,-26,54
-9,17,-26
15,4,11
-22,-26,4
21,-25,46
49,47,2
16,-31,47
25,-11,36
-29,-12,-17
-50,14,-64
25,-32,57
-25,-35,10
-3,-7,4
4,-41,45
-43,-11,-32
-49,19,-68
0,-14,14
-9,15,-24
-8,12,-20
-24,-17,-7
-16,-21,5
-36,47,-83
-22,23,-45
23,33,-10
31,-46,77
-18,-32,14
1,-31,32
14,-18,32
-39,25,-64
19,31,-12
8,42,-34
4,23,-19
1,14,-13
-11,19,-30
-37,-44,7
25,-48,73
-12,27,-39
35,9,26
-4,-3,-1
16,42,-26
-42,38,-80
2,-30,32
8,28,-20
4,-32,36
-14,8,-22
-47,-1,-46
-14,-23,9
31,11,20
-21,19,-40
-35,-34,-1
10,-16,26
-24,48,-72
49,42,7
-24,26,-50
-37,-14,-23
-38,7,-45
50,-45,95
-25,-12,-13
-7,5,-12
39,-44,83
37,-40,77
-29,-50,21
34,-29,63
-45,9,-54
-37,29,-66
25,39,-14
-9,-39,30
-9,26,-35
-16,46,-62
-44,-40,-4
44,46,-2
-4,-40,36
37,37,0
-50,1,-51
5,-13,18
39,-12,51
-4,26,-30
-15,-3,-12
41,17,24
-16,-11,-5
-33,-38,5
39,-4,43
0,19,-19
-4,-12,8
30,27,3
-21,36,-57
-1,27,-28
23,-12,35
-14,-17,3
46,-42,88
50,-22,72
31,39,-8
-10,1,-11
-45,-15,-30
-27,-31,4
-40,-48,8
-20,-49,29
8,-40,48
34,-14,48
-24,45,-69
-35,-41,6
25,13,12
-10,24,-34
7,35,-28
-10,-35,25
43,14,29
-47,12,-59
0,-11,11
16,-22,38
-1,42,-43
42,-45,87
3,30,-27
-6,-14,8
-28,-1,-27
-38,7,-45
13,-8,21
-23,12,-35
-2,26,-28
39,32,7
-26,-43,17
-20,40,-60
-18,-17,-1
18,36,-18
24,-41,65
2,43,-41
-22,-28,6
-5,-28,23
4,-20,24
-28,39,-67
-13,-13,0
31,-40,71
-13,1,-14
-27,-32,5
37,-23,60
43,-12,55
48,-7,55
46,39,7
37,-50,87
-18,34,-52
42,13,29
42,-22,64
34,29,5
18,48,-30
-7,33,-40
-37,-40,3
17,-7,24
20,1,19
-34,-44,10
-7,-30,23
-30,-38,8
-30,-30,0
-22,-5,-17
-13,-1,-12
-28,-40,12
-16,4,-20
-27,-32,5
-47,-50,3
-9,-23,14
-16,-29,13
-31,48,-79
-4,-46,42
27,-13,40
-50,-10,-40
-48,-7,-41
20,30,-10
24,-23,47
36,-44,80
22,2,20
-45,-16,-29
26,2,24
-17,39,-56
-45,-50,5
23,47,-24
-32,45,-77
49,30,19
26,-30,56
37,-2,39
-37,21,-58
2,2,0
-20,41,-61
-49,12,-61
44,-1,45
-10,28,-38
43,-27,70
-15,-36,21
-26,3,-29
-15,-24,9
-13,-21,8
-24,-30,6
17,-38,55
-34,-35,1
-37,5,-42
1,5,-4
36,-9,45
48,-41,89
14,15,-1
-5,23,-28
-50,45,-95
-8,-42,34
18,-10,28
5,27,-22
-4,12,-16
-25,-4,-21
37,-6,43
3,-34,37
50,26,24
48,-29,77
41,1,40
-22,31,-53
-28,-29,1
-27,49,-76
-24,-22,-2
48,-9,57
-16,19,-35
43,-15,58
0,14,-14
8,13,-5
-30,-28,-2
-5,2,-7
20,47,-27
48,-5,53
5,31,-26
-18,-35,17
-26,8,-34
-20,-23,3
23,25,-2
-16,38,-54
-2,-11,9
-28,-24,-4
-27,-2,-25
-15,1,-16
-5,36,-41
-12,14,-26
25,-42,67
7,-22,29
-19,19,-38
37,-4,41
11,-24,35
10,24,-14
-26,7,-33
-15,-17,2
39,11,28
-7,-13,6
20,46,-26
37,-14,51
-18,23,-41
19,32,-13
-40,39,-79
26,10,16
31,28,3
-47,-33,-14
29,43,-14
43,-15,58
41,42,-1
-44,17,-61
38,-13,51
30,38,-8
21,-17,38
42,16,26
11,36,-25
18,-28,46
-6,15,-21
17,-33,50
-46,-50,4
18,-13,31
25,-3,28
23,41,-18
-10,15,-25
-49,8,-57
-19,44,-63
-49,-35,-14
1,-1,2
-29,-9,-20
26,-39,65
9,-31,40
-4,35,-39
-50,-27,-23
45,-30,75
49,24,25
41,33,8
-36,9,-45
-46,37,-83
12,17,-5
8,0,8
34,46,-12
-16,30,-46
1,15,-14
43,17,26
4,24,-20
-20,42,-62
-29,31,-60
-3,6,-9
16,-28,44
-43,-47,4
-18,-1,-17
-35,-39,4
-19,-4,-15
-8,40,-48
-19,-5,-14
38,-3,41
48,49,-1
-7,5,-12
-25,32,-57
-43,24,-67
-40,-46,6
-5,41,-46
-3,10,-13
